2015-12-16,601899,15:00:02,2,3.6,240,86400
2015-12-16,601899,14:59:57,2,3.6,100,36345
2015-12-16,601899,14:59:52,2,3.6,1356,488160
2015-12-16,601899,14:59:47,2,3.6,112,40320
2015-12-16,601899,14:59:42,2,3.6,259,93254
2015-12-16,601899,14:59:37,1,3.59,522,187742
2015-12-16,601899,14:59:32,2,3.6,704,253440
2015-12-16,601899,14:59:27,2,3.6,693,249494
2015-12-16,601899,14:59:22,2,3.6,952,343065
2015-12-16,601899,14:59:17,2,3.6,178,64080
2015-12-16,601899,14:59:12,2,3.6,338,121680
2015-12-16,601899,14:59:07,1,3.59,98,35182
2015-12-16,601899,14:59:02,2,3.6,955,343814
2015-12-16,601899,14:58:57,1,3.59,188,67836
2015-12-16,601899,14:58:52,2,3.6,313,112694
2015-12-16,601899,14:58:47,1,3.59,262,94402
2015-12-16,601899,14:58:42,2,3.6,147,52934
2015-12-16,601899,14:58:37,2,3.6,98,35280
2015-12-16,601899,14:58:32,2,3.6,104,37440
2015-12-16,601899,14:58:27,1,3.59,122,44142
2015-12-16,601899,14:58:22,1,3.59,236,84724
2015-12-16,601899,14:58:17,2,3.59,407,146270
2015-12-16,601899,14:58:12,2,3.59,226,81478
2015-12-16,601899,14:58:07,2,3.59,3446,1237458
2015-12-16,601899,14:58:01,2,3.59,415,148999
2015-12-16,601899,14:57:56,2,3.59,455,163359
2015-12-16,601899,14:57:51,2,3.59,1601,575089
2015-12-16,601899,14:57:46,2,3.59,156,56004
2015-12-16,601899,14:57:41,2,3.59,1071,384503
2015-12-16,601899,14:57:36,2,3.59,216,77544
2015-12-16,601899,14:57:31,2,3.59,426,152934
2015-12-16,601899,14:57:26,1,3.59,1940,696689
2015-12-16,601899,14:57:21,2,3.6,10860,3909600
2015-12-16,601899,14:57:16,1,3.59,178,64246
2015-12-16,601899,14:57:11,1,3.59,454,162986
2015-12-16,601899,14:57:06,1,3.59,282,101238
2015-12-16,601899,14:57:01,1,3.59,314,112726
2015-12-16,601899,14:56:56,2,3.6,211,75974
2015-12-16,601899,14:56:51,2,3.6,348,125625
2015-12-16,601899,14:56:46,2,3.6,130,46800
2015-12-16,601899,14:56:41,1,3.59,1649,592005
2015-12-16,601899,14:56:36,1,3.59,252,90468
2015-12-16,601899,14:56:31,2,3.6,1104,397440
2015-12-16,601899,14:56:26,1,3.59,172,62092
2015-12-16,601899,14:56:21,1,3.59,1096,393492
2015-12-16,601899,14:56:16,1,3.59,1804,647636
2015-12-16,601899,14:56:11,2,3.6,134,48268
2015-12-16,601899,14:56:06,1,3.59,1606,576898
2015-12-16,601899,14:56:01,1,3.59,2264,812776
2015-12-16,601899,14:55:56,1,3.59,174,62466
2015-12-16,601899,14:55:51,2,3.6,36,12960
2015-12-16,601899,14:55:46,1,3.59,36,13268
2015-12-16,601899,14:55:41,1,3.59,225,80961
2015-12-16,601899,14:55:36,2,3.6,108,38880
2015-12-16,601899,14:55:31,2,3.6,98,35280
2015-12-16,601899,14:55:26,1,3.59,450,161550
2015-12-16,601899,14:55:21,2,3.6,132,47520
2015-12-16,601899,14:55:16,2,3.6,193,69494
2015-12-16,601899,14:55:11,1,3.59,84,30500
2015-12-16,601899,14:55:06,2,3.6,366,131760
2015-12-16,601899,14:55:01,1,3.59,999,358655
2015-12-16,601899,14:54:51,2,3.6,1370,493200
2015-12-16,601899,14:54:41,1,3.59,58,21166
2015-12-16,601899,14:54:36,1,3.59,158,56722
2015-12-16,601899,14:54:31,1,3.59,344,123496
2015-12-16,601899,14:54:25,1,3.59,675,242339
2015-12-16,601899,14:54:20,1,3.59,172,61748
2015-12-16,601899,14:54:15,2,3.6,2580,928800
2015-12-16,601899,14:54:10,1,3.59,306,110198
2015-12-16,601899,14:54:05,1,3.59,497,178437
2015-12-16,601899,14:54:00,1,3.59,370,133174
2015-12-16,601899,14:53:55,1,3.59,320,114880
2015-12-16,601899,14:53:50,2,3.6,197,70934
2015-12-16,601899,14:53:45,1,3.59,936,336024
2015-12-16,601899,14:53:40,1,3.59,228,82196
2015-12-16,601899,14:53:35,1,3.59,670,240530
2015-12-16,601899,14:53:30,1,3.59,212,76108
2015-12-16,601899,14:53:25,2,3.6,161,57974
2015-12-16,601899,14:53:20,2,3.6,3184,1146585
2015-12-16,601899,14:53:15,1,3.59,298,106982
2015-12-16,601899,14:53:10,1,3.59,776,278584
2015-12-16,601899,14:53:05,1,3.59,274,98366
2015-12-16,601899,14:53:00,1,3.59,296,106264
2015-12-16,601899,14:52:55,1,3.59,218,78262
2015-12-16,601899,14:52:50,1,3.59,700,251587
2015-12-16,601899,14:52:45,2,3.6,162,58665
2015-12-16,601899,14:52:40,1,3.59,177,63557
2015-12-16,601899,14:52:35,1,3.59,1422,510555
2015-12-16,601899,14:52:30,2,3.6,159,57254
2015-12-16,601899,14:52:25,1,3.59,356,127804
2015-12-16,601899,14:52:20,2,3.6,152,55065
2015-12-16,601899,14:52:15,2,3.6,997,358934
2015-12-16,601899,14:52:10,2,3.6,414,149040
2015-12-16,601899,14:52:05,2,3.6,278,100425
2015-12-16,601899,14:52:00,2,3.6,97,34934
2015-12-16,601899,14:51:55,2,3.6,146,52560
2015-12-16,601899,14:51:50,2,3.6,406,146160
2015-12-16,601899,14:51:45,1,3.59,4581,1644736
2015-12-16,601899,14:51:40,2,3.61,36,13342
2015-12-16,601899,14:51:35,2,3.61,174,62842
2015-12-16,601899,14:51:30,2,3.61,106,38612
2015-12-16,601899,14:51:25,1,3.6,266,95760
2015-12-16,601899,14:51:20,2,3.61,24,8664
2015-12-16,601899,14:51:15,1,3.6,194,69840
2015-12-16,601899,14:51:10,2,3.61,418,150898
2015-12-16,601899,14:51:05,2,3.61,144,52330
2015-12-16,601899,14:51:00,1,3.6,199,71654
2015-12-16,601899,14:50:54,2,3.61,907,327441
2015-12-16,601899,14:50:49,1,3.6,28,10425
2015-12-16,601899,14:50:44,1,3.6,151,54374
2015-12-16,601899,14:50:39,1,3.6,701,252691
2015-12-16,601899,14:50:34,1,3.6,297,106934
2015-12-16,601899,14:50:29,1,3.6,365,131414
2015-12-16,601899,14:50:24,2,3.61,182,66048
2015-12-16,601899,14:50:19,1,3.6,1225,441014
2015-12-16,601899,14:50:14,2,3.61,302,109368
2015-12-16,601899,14:50:09,2,3.61,48,17328
2015-12-16,601899,14:50:04,1,3.6,274,98640
2015-12-16,601899,14:49:59,1,3.6,455,163814
2015-12-16,601899,14:49:54,2,3.61,889,321261
2015-12-16,601899,14:49:49,1,3.6,679,244627
2015-12-16,601899,14:49:44,1,3.6,69,24854
2015-12-16,601899,14:49:39,1,3.6,810,291945
2015-12-16,601899,14:49:34,1,3.6,180,64800
2015-12-16,601899,14:49:29,1,3.6,1415,509414
2015-12-16,601899,14:49:24,1,3.6,74,26985
2015-12-16,601899,14:49:19,2,3.61,439,158493
2015-12-16,601899,14:49:14,1,3.6,582,209520
2015-12-16,601899,14:49:09,1,3.6,158,56880
2015-12-16,601899,14:49:04,2,3.61,46,16606
2015-12-16,601899,14:48:59,2,3.61,88,31768
2015-12-16,601899,14:48:54,2,3.61,76,27436
2015-12-16,601899,14:48:49,2,3.61,486,175792
2015-12-16,601899,14:48:44,1,3.6,177,63734
2015-12-16,601899,14:48:39,1,3.6,170,61200
2015-12-16,601899,14:48:34,1,3.6,166,59760
2015-12-16,601899,14:48:29,1,3.6,772,278265
2015-12-16,601899,14:48:24,1,3.6,557,200534
2015-12-16,601899,14:48:19,1,3.6,90,32745
2015-12-16,601899,14:48:14,1,3.6,377,135734
2015-12-16,601899,14:48:09,1,3.6,74,26985
2015-12-16,601899,14:48:04,1,3.6,1085,390614
2015-12-16,601899,14:47:59,1,3.6,322,115920
2015-12-16,601899,14:47:54,1,3.6,590,212745
2015-12-16,601899,14:47:49,1,3.6,4783,1722067
2015-12-16,601899,14:47:44,1,3.6,106,38160
2015-12-16,601899,14:47:39,1,3.6,166,59760
2015-12-16,601899,14:47:34,1,3.6,822,296265
2015-12-16,601899,14:47:29,1,3.6,1143,411494
2015-12-16,601899,14:47:24,1,3.6,264,95385
2015-12-16,601899,14:47:18,1,3.6,100,36000
2015-12-16,601899,14:47:13,2,3.61,212,76532
2015-12-16,601899,14:47:08,2,3.61,485,175099
2015-12-16,601899,14:47:03,1,3.6,42,15465
2015-12-16,601899,14:46:58,1,3.6,206,74188
2015-12-16,601899,14:46:53,1,3.6,290,104745
2015-12-16,601899,14:46:48,2,3.61,134,48374
2015-12-16,601899,14:46:43,1,3.6,47,16934
2015-12-16,601899,14:46:38,1,3.6,36,12960
2015-12-16,601899,14:46:33,1,3.6,60,21600
2015-12-16,601899,14:46:28,2,3.61,780,281580
2015-12-16,601899,14:46:23,1,3.6,168,60825
2015-12-16,601899,14:46:18,1,3.6,15,5414
2015-12-16,601899,14:46:13,1,3.6,185,66931
2015-12-16,601899,14:46:08,1,3.6,229,82454
2015-12-16,601899,14:46:03,2,3.61,133,48027
2015-12-16,601899,14:45:58,1,3.6,12,4320
2015-12-16,601899,14:45:53,2,3.61,48,17328
2015-12-16,601899,14:45:48,1,3.6,480,172800
2015-12-16,601899,14:45:43,1,3.6,514,185385
2015-12-16,601899,14:45:38,1,3.6,138,50025
2015-12-16,601899,14:45:33,1,3.6,99,35654
2015-12-16,601899,14:45:28,1,3.6,178,64080
2015-12-16,601899,14:45:23,1,3.6,852,306720
2015-12-16,601899,14:45:18,1,3.6,18,6480
2015-12-16,601899,14:45:13,1,3.6,140,50745
2015-12-16,601899,14:45:08,1,3.6,72,25920
2015-12-16,601899,14:45:03,2,3.61,234,84502
2015-12-16,601899,14:44:58,2,3.61,9,3581
2015-12-16,601899,14:44:53,1,3.6,345,124214
2015-12-16,601899,14:44:48,1,3.6,193,69494
2015-12-16,601899,14:44:43,1,3.6,252,90720
2015-12-16,601899,14:44:38,1,3.6,80,29145
2015-12-16,601899,14:44:33,2,3.61,12,4332
2015-12-16,601899,14:44:28,1,3.6,123,44294
2015-12-16,601899,14:44:23,1,3.6,65,23731
2015-12-16,601899,14:44:18,1,3.6,54,19468
2015-12-16,601899,14:44:13,1,3.6,1142,411465
2015-12-16,601899,14:44:08,2,3.61,56,20216
2015-12-16,601899,14:44:03,2,3.61,308,111188
2015-12-16,601899,14:43:58,1,3.6,380,136800
2015-12-16,601899,14:43:53,1,3.6,62,22665
2015-12-16,601899,14:43:48,2,3.61,84,30324
2015-12-16,601899,14:43:43,1,3.6,82,29548
2015-12-16,601899,14:43:37,1,3.6,228,82425
2015-12-16,601899,14:43:32,2,3.61,11,3985
2015-12-16,601899,14:43:27,1,3.6,268,96825
2015-12-16,601899,14:43:22,2,3.61,612,221278
2015-12-16,601899,14:43:17,2,3.61,220,79420
2015-12-16,601899,14:43:07,1,3.6,958,344908
2015-12-16,601899,14:42:57,2,3.61,69,25241
2015-12-16,601899,14:42:52,2,3.61,181,65355
2015-12-16,601899,14:42:42,1,3.6,186,66960
2015-12-16,601899,14:42:37,1,3.6,208,74880
2015-12-16,601899,14:42:32,2,3.61,307,111014
2015-12-16,601899,14:42:27,1,3.6,494,178185
2015-12-16,601899,14:42:22,2,3.61,66,23826
2015-12-16,601899,14:42:17,2,3.61,70,25270
2015-12-16,601899,14:42:12,2,3.61,121,43695
2015-12-16,601899,14:42:07,2,3.61,260,94206
2015-12-16,601899,14:42:02,2,3.61,20,7220
2015-12-16,601899,14:41:57,2,3.61,214,77254
2015-12-16,601899,14:41:52,1,3.6,1316,473760
2015-12-16,601899,14:41:47,2,3.61,44,15884
2015-12-16,601899,14:41:42,1,3.6,55,19814
2015-12-16,601899,14:41:37,2,3.61,166,60272
2015-12-16,601899,14:41:32,1,3.6,94,33840
2015-12-16,601899,14:41:27,1,3.6,313,112694
2015-12-16,601899,14:41:22,1,3.6,500,180000
2015-12-16,601899,14:41:17,2,3.61,1904,687344
2015-12-16,601899,14:41:12,2,3.61,640,231040
2015-12-16,601899,14:41:07,1,3.6,120,43545
2015-12-16,601899,14:41:02,2,3.61,547,197481
2015-12-16,601899,14:40:57,2,3.61,2628,948708
2015-12-16,601899,14:40:52,1,3.6,570,205200
2015-12-16,601899,14:40:47,2,3.61,368,132848
2015-12-16,601899,14:40:42,2,3.61,56,20216
2015-12-16,601899,14:40:37,1,3.61,4168,1504648
2015-12-16,601899,14:40:32,1,3.61,458,165338
2015-12-16,601899,14:40:27,2,3.62,1882,681284
2015-12-16,601899,14:40:22,1,3.61,252,90972
2015-12-16,601899,14:40:17,2,3.62,10046,3636999
2015-12-16,601899,14:40:12,2,3.62,428,154936
2015-12-16,601899,14:40:07,1,3.61,1180,425980
2015-12-16,601899,14:40:01,2,3.62,2,724
2015-12-16,601899,14:39:56,2,3.62,5380,1947560
2015-12-16,601899,14:39:51,2,3.62,178,64436
2015-12-16,601899,14:39:46,2,3.62,216,78192
2015-12-16,601899,14:39:41,2,3.62,366,132492
2015-12-16,601899,14:39:36,1,3.61,158,57038
2015-12-16,601899,14:39:31,2,3.62,374,135388
2015-12-16,601899,14:39:26,2,3.62,57,20648
2015-12-16,601899,14:39:21,1,3.61,228,82654
2015-12-16,601899,14:39:16,2,3.62,335,121284
2015-12-16,601899,14:39:11,1,3.61,140,50886
2015-12-16,601899,14:39:06,1,3.61,141,50915
2015-12-16,601899,14:39:01,1,3.61,200,72546
2015-12-16,601899,14:38:56,2,3.61,2131,769305
2015-12-16,601899,14:38:51,2,3.61,2004,723444
2015-12-16,601899,14:38:46,2,3.61,3576,1291282
2015-12-16,601899,14:38:41,2,3.61,3220,1162420
2015-12-16,601899,14:38:36,2,3.61,1442,520562
2015-12-16,601899,14:38:31,2,3.61,850,306850
2015-12-16,601899,14:38:26,2,3.61,490,176890
2015-12-16,601899,14:38:21,2,3.61,7338,2649018
2015-12-16,601899,14:38:16,2,3.61,1348,486628
2015-12-16,601899,14:38:11,2,3.61,2527,912261
2015-12-16,601899,14:38:06,1,3.6,2032,731520
2015-12-16,601899,14:38:01,2,3.61,112,40432
2015-12-16,601899,14:37:56,2,3.61,646,233552
2015-12-16,601899,14:37:51,1,3.6,736,264960
2015-12-16,601899,14:37:46,2,3.6,6858,2468908
2015-12-16,601899,14:37:41,2,3.6,598,215625
2015-12-16,601899,14:37:36,2,3.6,5693,2049494
2015-12-16,601899,14:37:31,2,3.6,806,290505
2015-12-16,601899,14:37:26,2,3.6,1644,591840
2015-12-16,601899,14:37:21,1,3.59,210,75390
2015-12-16,601899,14:37:16,2,3.6,509,183254
2015-12-16,601899,14:37:11,2,3.6,446,160905
2015-12-16,601899,14:37:06,2,3.6,211,75974
2015-12-16,601899,14:37:01,2,3.6,170,61200
2015-12-16,601899,14:36:56,2,3.6,954,343440
2015-12-16,601899,14:36:51,2,3.6,14,5040
2015-12-16,601899,14:36:46,2,3.6,608,219225
2015-12-16,601899,14:36:41,2,3.6,450,162000
2015-12-16,601899,14:36:35,1,3.59,1553,557541
2015-12-16,601899,14:36:30,1,3.59,54,19730
2015-12-16,601899,14:36:25,2,3.6,146,52560
2015-12-16,601899,14:36:20,2,3.6,214,77040
2015-12-16,601899,14:36:15,1,3.59,238,85442
2015-12-16,601899,14:36:10,2,3.6,80,28800
2015-12-16,601899,14:36:05,2,3.6,1,374
2015-12-16,601899,14:36:00,2,3.6,38,13680
2015-12-16,601899,14:35:55,2,3.6,58,20880
2015-12-16,601899,14:35:50,1,3.59,460,165484
2015-12-16,601899,14:35:45,1,3.59,95,34119
2015-12-16,601899,14:35:40,1,3.59,16,5744
2015-12-16,601899,14:35:35,2,3.6,156,56505
2015-12-16,601899,14:35:30,1,3.59,373,133921
2015-12-16,601899,14:35:25,2,3.6,986,355305
2015-12-16,601899,14:35:20,1,3.59,818,293662
2015-12-16,601899,14:35:15,1,3.59,72,25848
2015-12-16,601899,14:35:10,2,3.6,428,154080
2015-12-16,601899,14:35:05,2,3.6,68,24480
2015-12-16,601899,14:35:00,2,3.6,1557,560534
2015-12-16,601899,14:34:55,1,3.59,1446,519114
2015-12-16,601899,14:34:50,1,3.59,228,82196
2015-12-16,601899,14:34:45,1,3.59,163,58531
2015-12-16,601899,14:34:40,2,3.6,38,13680
2015-12-16,601899,14:34:35,1,3.59,790,283954
2015-12-16,601899,14:34:30,1,3.59,88,31592
2015-12-16,601899,14:34:25,1,3.59,192,68928
2015-12-16,601899,14:34:20,1,3.59,111,39863
2015-12-16,601899,14:34:15,1,3.59,114,41270
2015-12-16,601899,14:34:10,1,3.59,10,3590
2015-12-16,601899,14:34:05,1,3.59,146,52414
2015-12-16,601899,14:34:00,1,3.59,84,30156
2015-12-16,601899,14:33:55,1,3.59,160,57440
2015-12-16,601899,14:33:50,2,3.6,28,10080
2015-12-16,601899,14:33:45,2,3.59,5227,1876507
2015-12-16,601899,14:33:40,2,3.59,752,270312
2015-12-16,601899,14:33:35,1,3.58,235,84144
2015-12-16,601899,14:33:30,1,3.59,2300,826044
2015-12-16,601899,14:33:25,1,3.59,717,257417
2015-12-16,601899,14:33:20,1,3.59,294,105546
2015-12-16,601899,14:33:15,1,3.59,154,55286
2015-12-16,601899,14:33:10,1,3.59,312,112008
2015-12-16,601899,14:33:05,1,3.59,320,114880
2015-12-16,601899,14:33:00,1,3.59,26,9334
2015-12-16,601899,14:32:55,1,3.59,98,35182
2015-12-16,601899,14:32:49,1,3.59,58,20822
2015-12-16,601899,14:32:44,1,3.59,154,55630
2015-12-16,601899,14:32:39,2,3.6,6045,2176214
2015-12-16,601899,14:32:34,1,3.59,24,8960
2015-12-16,601899,14:32:29,1,3.59,164,58876
2015-12-16,601899,14:32:24,1,3.59,52,18668
2015-12-16,601899,14:32:19,1,3.59,277,99457
2015-12-16,601899,14:32:14,1,3.59,22,8242
2015-12-16,601899,14:32:09,2,3.6,28,10080
2015-12-16,601899,14:32:04,1,3.59,133,47761
2015-12-16,601899,14:31:59,1,3.59,38,13642
2015-12-16,601899,14:31:54,2,3.6,24,8985
2015-12-16,601899,14:31:49,1,3.59,18,6462
2015-12-16,601899,14:31:44,1,3.59,120,43080
2015-12-16,601899,14:31:39,1,3.59,12,4308
2015-12-16,601899,14:31:34,1,3.59,303,108791
2015-12-16,601899,14:31:29,1,3.59,190,68210
2015-12-16,601899,14:31:24,2,3.6,50,18172
2015-12-16,601899,14:31:14,2,3.6,38,14025
2015-12-16,601899,14:31:09,2,3.6,35,12614
2015-12-16,601899,14:31:04,1,3.59,124,44516
2015-12-16,601899,14:30:54,1,3.59,115,41471
2015-12-16,601899,14:30:49,1,3.59,170,61030
2015-12-16,601899,14:30:39,1,3.59,138,49542
2015-12-16,601899,14:30:34,1,3.59,64,22976
2015-12-16,601899,14:30:29,2,3.6,18,6825
2015-12-16,601899,14:30:24,2,3.6,108,38880
2015-12-16,601899,14:30:19,1,3.59,12,4308
2015-12-16,601899,14:30:09,1,3.59,11,3963
2015-12-16,601899,14:30:04,1,3.59,1318,473162
2015-12-16,601899,14:29:59,1,3.59,108,39116
2015-12-16,601899,14:29:54,2,3.6,192,69120
2015-12-16,601899,14:29:49,2,3.6,132,47520
2015-12-16,601899,14:29:44,1,3.59,367,131767
2015-12-16,601899,14:29:39,1,3.59,66,24038
2015-12-16,601899,14:29:34,1,3.59,336,120624
2015-12-16,601899,14:29:29,1,3.59,48,17232
2015-12-16,601899,14:29:24,2,3.6,60,21600
2015-12-16,601899,14:29:19,2,3.6,98,35280
2015-12-16,601899,14:29:13,2,3.6,114,41040
2015-12-16,601899,14:29:08,1,3.59,5306,1904854
2015-12-16,601899,14:29:03,2,3.6,818,294480
2015-12-16,601899,14:28:58,2,3.6,17,6134
2015-12-16,601899,14:28:53,2,3.6,576,207705
2015-12-16,601899,14:28:48,1,3.59,225,80789
2015-12-16,601899,14:28:43,2,3.6,52,19065
2015-12-16,601899,14:28:38,1,3.59,97,34837
2015-12-16,601899,14:28:33,2,3.6,2,1065
2015-12-16,601899,14:28:28,2,3.6,31,11174
2015-12-16,601899,14:28:23,2,3.6,2,720
2015-12-16,601899,14:28:18,1,3.59,522,187742
2015-12-16,601899,14:28:13,2,3.6,51,18374
2015-12-16,601899,14:28:08,1,3.59,100,36244
2015-12-16,601899,14:28:03,1,3.59,106,38054
2015-12-16,601899,14:27:58,2,3.6,39,14054
2015-12-16,601899,14:27:53,2,3.6,170,61545
2015-12-16,601899,14:27:48,1,3.59,88,31592
2015-12-16,601899,14:27:43,1,3.59,44,15796
2015-12-16,601899,14:27:38,1,3.59,170,61030
2015-12-16,601899,14:27:33,1,3.59,510,183090
2015-12-16,601899,14:27:28,1,3.59,102,36618
2015-12-16,601899,14:27:23,2,3.6,216,77760
2015-12-16,601899,14:27:18,2,3.6,526,189360
2015-12-16,601899,14:27:13,2,3.6,87,31334
2015-12-16,601899,14:27:08,1,3.59,146,52758
2015-12-16,601899,14:27:03,2,3.6,93,33494
2015-12-16,601899,14:26:58,1,3.59,158,57066
2015-12-16,601899,14:26:53,2,3.6,155,55814
2015-12-16,601899,14:26:48,2,3.6,120,43545
2015-12-16,601899,14:26:43,1,3.59,355,127459
2015-12-16,601899,14:26:38,1,3.59,26,9334
2015-12-16,601899,14:26:33,1,3.59,106,38398
2015-12-16,601899,14:26:28,1,3.59,31,11143
2015-12-16,601899,14:26:23,1,3.59,78,28002
2015-12-16,601899,14:26:18,1,3.59,596,214308
2015-12-16,601899,14:26:13,2,3.6,45,16214
2015-12-16,601899,14:26:08,1,3.59,36,13268
2015-12-16,601899,14:26:03,2,3.6,511,183974
2015-12-16,601899,14:25:58,2,3.6,422,151920
2015-12-16,601899,14:25:53,1,3.59,648,232976
2015-12-16,601899,14:25:48,2,3.6,72,25920
2015-12-16,601899,14:25:43,1,3.59,168,60312
2015-12-16,601899,14:25:38,1,3.59,193,69301
2015-12-16,601899,14:25:33,2,3.6,64,23040
2015-12-16,601899,14:25:27,1,3.59,126,45578
2015-12-16,601899,14:25:22,2,3.6,65,23414
2015-12-16,601899,14:25:17,2,3.6,280,101145
2015-12-16,601899,14:25:12,1,3.59,100,35900
2015-12-16,601899,14:25:07,1,3.59,230,82570
2015-12-16,601899,14:25:02,1,3.59,226,81134
2015-12-16,601899,14:24:57,2,3.6,121,43574
2015-12-16,601899,14:24:52,2,3.6,172,62265
2015-12-16,601899,14:24:47,1,3.59,61,21913
2015-12-16,601899,14:24:42,2,3.6,30,10800
2015-12-16,601899,14:24:37,2,3.6,140,50400
2015-12-16,601899,14:24:32,2,3.6,72,26265
2015-12-16,601899,14:24:27,2,3.6,35,12614
2015-12-16,601899,14:24:22,1,3.59,16,5744
2015-12-16,601899,14:24:17,2,3.6,178,64080
2015-12-16,601899,14:24:07,2,3.6,632,227520
2015-12-16,601899,14:24:02,2,3.6,116,42105
2015-12-16,601899,14:23:57,2,3.6,159,57254
2015-12-16,601899,14:23:52,2,3.6,58,21225
2015-12-16,601899,14:23:47,2,3.6,152,54720
2015-12-16,601899,14:23:42,2,3.6,208,74880
2015-12-16,601899,14:23:37,2,3.6,127,45734
2015-12-16,601899,14:23:32,2,3.6,292,105465
2015-12-16,601899,14:23:27,2,3.6,772,277920
2015-12-16,601899,14:23:22,2,3.6,510,183600
2015-12-16,601899,14:23:12,2,3.6,8072,2905920
2015-12-16,601899,14:23:07,1,3.59,103,36991
2015-12-16,601899,14:22:52,2,3.6,542,195120
2015-12-16,601899,14:22:47,1,3.59,1354,486430
2015-12-16,601899,14:22:42,2,3.6,127,45734
2015-12-16,601899,14:22:37,1,3.59,182,65682
2015-12-16,601899,14:22:32,1,3.59,58,20822
2015-12-16,601899,14:22:27,2,3.6,816,293760
2015-12-16,601899,14:22:22,1,3.59,302,108418
2015-12-16,601899,14:22:17,1,3.59,65,23349
2015-12-16,601899,14:22:12,1,3.59,762,273558
2015-12-16,601899,14:22:07,2,3.6,572,205920
2015-12-16,601899,14:22:02,1,3.59,66,24038
2015-12-16,601899,14:21:56,1,3.59,85,30529
2015-12-16,601899,14:21:51,2,3.6,146,52560
2015-12-16,601899,14:21:46,1,3.59,28,10396
2015-12-16,601899,14:21:41,2,3.6,2614,941040
2015-12-16,601899,14:21:36,2,3.6,292,105120
2015-12-16,601899,14:21:31,1,3.59,267,95867
2015-12-16,601899,14:21:26,1,3.59,196,70708
2015-12-16,601899,14:21:21,1,3.59,107,38427
2015-12-16,601899,14:21:16,2,3.6,12,4320
2015-12-16,601899,14:21:11,1,3.59,86,30874
2015-12-16,601899,14:21:06,1,3.59,1004,360780
2015-12-16,601899,14:21:01,2,3.6,49,17654
2015-12-16,601899,14:20:56,2,3.6,124,44985
2015-12-16,601899,14:20:51,1,3.59,1846,662714
2015-12-16,601899,14:20:46,1,3.59,78,28002
2015-12-16,601899,14:20:41,1,3.59,69,24785
2015-12-16,601899,14:20:36,1,3.59,246,88658
2015-12-16,601899,14:20:31,1,3.59,23,8271
2015-12-16,601899,14:20:26,2,3.59,7360,2642584
2015-12-16,601899,14:20:21,2,3.59,871,312703
2015-12-16,601899,14:20:16,2,3.59,680,244120
2015-12-16,601899,14:20:11,2,3.59,1026,368334
2015-12-16,601899,14:20:06,2,3.59,68,24756
2015-12-16,601899,14:20:01,1,3.58,28,10024
2015-12-16,601899,14:19:56,2,3.59,2594,931246
2015-12-16,601899,14:19:51,2,3.59,56,20104
2015-12-16,601899,14:19:46,2,3.59,173,62121
2015-12-16,601899,14:19:41,2,3.59,346,124214
2015-12-16,601899,14:19:36,1,3.58,292,104536
2015-12-16,601899,14:19:31,2,3.59,206,73954
2015-12-16,601899,14:19:26,2,3.59,622,223642
2015-12-16,601899,14:19:21,1,3.58,1178,421724
2015-12-16,601899,14:19:16,1,3.58,151,54072
2015-12-16,601899,14:19:11,2,3.59,202,72862
2015-12-16,601899,14:19:06,2,3.59,793,284701
2015-12-16,601899,14:19:01,2,3.59,140,50260
2015-12-16,601899,14:18:56,1,3.58,212,75896
2015-12-16,601899,14:18:51,2,3.59,544,195640
2015-12-16,601899,14:18:46,2,3.59,199,71455
2015-12-16,601899,14:18:41,1,3.58,372,133519
2015-12-16,601899,14:18:36,1,3.58,329,117796
2015-12-16,601899,14:18:31,1,3.58,174,62292
2015-12-16,601899,14:18:26,1,3.58,172,61576
2015-12-16,601899,14:18:20,2,3.59,110,39834
2015-12-16,601899,14:18:15,2,3.59,104,37336
2015-12-16,601899,14:18:10,2,3.59,462,165858
2015-12-16,601899,14:18:05,1,3.58,241,86292
2015-12-16,601899,14:18:00,2,3.6,502,181065
2015-12-16,601899,14:17:55,1,3.59,319,114535
2015-12-16,601899,14:17:50,1,3.59,522,187398
2015-12-16,601899,14:17:45,1,3.59,102,36618
2015-12-16,601899,14:17:40,1,3.59,824,296160
2015-12-16,601899,14:17:35,1,3.59,607,217927
2015-12-16,601899,14:17:30,2,3.59,1511,542635
2015-12-16,601899,14:17:25,1,3.58,128,46167
2015-12-16,601899,14:17:20,1,3.58,34,12172
2015-12-16,601899,14:17:15,2,3.59,252,90468
2015-12-16,601899,14:17:10,1,3.58,1156,414019
2015-12-16,601899,14:17:05,2,3.59,3312,1189209
2015-12-16,601899,14:17:00,2,3.59,2132,765732
2015-12-16,601899,14:16:55,1,3.58,406,145348
2015-12-16,601899,14:16:50,2,3.59,179,64275
2015-12-16,601899,14:16:45,1,3.58,284,102015
2015-12-16,601899,14:16:40,2,3.59,715,256699
2015-12-16,601899,14:16:35,1,3.58,372,133519
2015-12-16,601899,14:16:25,1,3.58,175,62664
2015-12-16,601899,14:16:20,1,3.58,708,253464
2015-12-16,601899,14:16:15,2,3.59,38,13642
2015-12-16,601899,14:16:10,1,3.58,274,98435
2015-12-16,601899,14:16:00,1,3.59,9435,3387351
2015-12-16,601899,14:15:55,1,3.59,4146,1488414
2015-12-16,601899,14:15:50,1,3.59,136,49168
2015-12-16,601899,14:15:45,1,3.59,136,48824
2015-12-16,601899,14:15:40,2,3.6,540,194400
2015-12-16,601899,14:15:35,1,3.59,671,240903
2015-12-16,601899,14:15:30,1,3.59,108,38772
2015-12-16,601899,14:15:25,1,3.59,662,237658
2015-12-16,601899,14:15:20,2,3.6,18,6480
2015-12-16,601899,14:15:15,2,3.6,138,49680
2015-12-16,601899,14:15:10,1,3.59,212,76452
2015-12-16,601899,14:15:05,1,3.59,213,76481
2015-12-16,601899,14:15:00,2,3.6,20,7545
2015-12-16,601899,14:14:55,1,3.59,150,53850
2015-12-16,601899,14:14:50,2,3.6,78,28080
2015-12-16,601899,14:14:44,1,3.59,58,20822
2015-12-16,601899,14:14:39,1,3.59,28,10052
2015-12-16,601899,14:14:34,1,3.59,183,65711
2015-12-16,601899,14:14:29,2,3.6,104,37785
2015-12-16,601899,14:14:24,1,3.59,629,225825
2015-12-16,601899,14:14:19,1,3.59,128,46296
2015-12-16,601899,14:14:14,1,3.59,299,107355
2015-12-16,601899,14:14:09,1,3.59,76,27284
2015-12-16,601899,14:14:04,1,3.59,96,34464
2015-12-16,601899,14:13:59,2,3.6,554,199785
2015-12-16,601899,14:13:54,2,3.6,962,346320
2015-12-16,601899,14:13:49,1,3.59,12,4308
2015-12-16,601899,14:13:44,2,3.6,28,10080
2015-12-16,601899,14:13:39,2,3.6,41,14774
2015-12-16,601899,14:13:34,1,3.59,125,44889
2015-12-16,601899,14:13:29,2,3.6,274,98812
2015-12-16,601899,14:13:24,1,3.59,804,288980
2015-12-16,601899,14:13:19,2,3.6,43,15494
2015-12-16,601899,14:13:14,1,3.59,248,89032
2015-12-16,601899,14:13:09,2,3.6,174,62640
2015-12-16,601899,14:13:04,2,3.6,676,243360
2015-12-16,601899,14:12:59,1,3.59,338,121342
2015-12-16,601899,14:12:54,1,3.59,220,79324
2015-12-16,601899,14:12:49,1,3.59,52,18668
2015-12-16,601899,14:12:44,1,3.59,17,6117
2015-12-16,601899,14:12:39,2,3.6,152,55065
2015-12-16,601899,14:12:34,1,3.59,194,69646
2015-12-16,601899,14:12:29,2,3.6,154,55440
2015-12-16,601899,14:12:24,2,3.6,240,86400
2015-12-16,601899,14:12:19,2,3.6,63,22694
2015-12-16,601899,14:12:14,2,3.6,140,50745
2015-12-16,601899,14:12:09,2,3.6,125,45014
2015-12-16,601899,14:12:04,1,3.59,490,176254
2015-12-16,601899,14:11:59,1,3.59,226,81134
2015-12-16,601899,14:11:54,1,3.59,191,68583
2015-12-16,601899,14:11:49,1,3.59,344,123840
2015-12-16,601899,14:11:44,1,3.59,387,138947
2015-12-16,601899,14:11:39,2,3.6,108,39225
2015-12-16,601899,14:11:34,2,3.6,140,50400
2015-12-16,601899,14:11:29,1,3.59,61,21913
2015-12-16,601899,14:11:24,1,3.59,254,91530
2015-12-16,601899,14:11:19,1,3.59,600,215400
2015-12-16,601899,14:11:14,1,3.59,72,25848
2015-12-16,601899,14:11:08,2,3.6,3,1094
2015-12-16,601899,14:11:03,2,3.6,384,138585
2015-12-16,601899,14:10:58,1,3.6,277,99820
2015-12-16,601899,14:10:53,1,3.6,3760,1353945
2015-12-16,601899,14:10:48,2,3.61,1006,363166
2015-12-16,601899,14:10:43,1,3.6,199,71654
2015-12-16,601899,14:10:38,1,3.6,170,61200
2015-12-16,601899,14:10:33,1,3.6,2452,882720
2015-12-16,601899,14:10:28,1,3.6,406,146505
2015-12-16,601899,14:10:23,1,3.6,580,208800
2015-12-16,601899,14:10:18,1,3.6,269,96854
2015-12-16,601899,14:10:13,1,3.6,1806,650160
2015-12-16,601899,14:10:08,1,3.6,2840,1022400
2015-12-16,601899,14:10:03,1,3.6,688,248025
2015-12-16,601899,14:09:58,1,3.6,310,111600
2015-12-16,601899,14:09:53,1,3.6,415,149414
2015-12-16,601899,14:09:48,1,3.6,230,82800
2015-12-16,601899,14:09:43,1,3.6,88,31680
2015-12-16,601899,14:09:38,1,3.6,122,44265
2015-12-16,601899,14:09:33,1,3.6,85,30614
2015-12-16,601899,14:09:28,1,3.6,742,267465
2015-12-16,601899,14:09:23,1,3.6,126,45360
2015-12-16,601899,14:09:18,1,3.6,3112,1120320
2015-12-16,601899,14:09:13,2,3.61,248,89528
2015-12-16,601899,14:09:08,2,3.61,143,51637
2015-12-16,601899,14:09:03,2,3.61,236,85196
2015-12-16,601899,14:08:58,1,3.6,264,95040
2015-12-16,601899,14:08:53,1,3.6,12,4665
2015-12-16,601899,14:08:48,2,3.61,50,18050
2015-12-16,601899,14:08:43,1,3.6,556,200160
2015-12-16,601899,14:08:38,1,3.61,674,243314
2015-12-16,601899,14:08:33,1,3.61,2872,1036792
2015-12-16,601899,14:08:28,1,3.61,868,313348
2015-12-16,601899,14:08:23,1,3.61,1134,409374
2015-12-16,601899,14:08:18,1,3.61,1181,426355
2015-12-16,601899,14:08:13,1,3.61,390,141136
2015-12-16,601899,14:08:08,1,3.61,1409,508663
2015-12-16,601899,14:08:03,1,3.61,1166,420926
2015-12-16,601899,14:07:58,1,3.61,44,15884
2015-12-16,601899,14:07:53,1,3.61,220,79420
2015-12-16,601899,14:07:48,1,3.61,22,8288
2015-12-16,601899,14:07:43,1,3.61,1018,367498
2015-12-16,601899,14:07:37,2,3.62,348,125976
2015-12-16,601899,14:07:32,1,3.61,123,44417
2015-12-16,601899,14:07:27,1,3.61,160,57760
2015-12-16,601899,14:07:22,1,3.61,72,26338
2015-12-16,601899,14:07:17,2,3.62,211,76396
2015-12-16,601899,14:07:12,2,3.62,446,161799
2015-12-16,601899,14:07:07,1,3.61,163,58857
2015-12-16,601899,14:07:02,1,3.61,14,5400
2015-12-16,601899,14:06:57,2,3.62,419,151692
2015-12-16,601899,14:06:52,1,3.61,128,46554
2015-12-16,601899,14:06:47,1,3.61,607,219141
2015-12-16,601899,14:06:42,1,3.61,110,40056
2015-12-16,601899,14:06:37,1,3.61,200,72200
2015-12-16,601899,14:06:32,1,3.61,57,20591
2015-12-16,601899,14:06:27,1,3.61,144,52330
2015-12-16,601899,14:06:22,1,3.61,49,17703
2015-12-16,601899,14:06:17,1,3.61,14,5054
2015-12-16,601899,14:06:12,1,3.61,74,27060
2015-12-16,601899,14:06:07,2,3.62,17,6168
2015-12-16,601899,14:06:02,2,3.62,68,24963
2015-12-16,601899,14:05:57,1,3.61,1054,380494
2015-12-16,601899,14:05:52,1,3.61,22,7942
2015-12-16,601899,14:05:47,1,3.61,86,31046
2015-12-16,601899,14:05:42,2,3.62,60,21720
2015-12-16,601899,14:05:37,2,3.62,13,4720
2015-12-16,601899,14:05:32,1,3.61,120,43666
2015-12-16,601899,14:05:27,1,3.61,128,46525
2015-12-16,601899,14:05:22,1,3.61,0,346
2015-12-16,601899,14:05:17,1,3.61,18,6498
2015-12-16,601899,14:05:12,2,3.62,91,32956
2015-12-16,601899,14:05:07,1,3.61,102,36822
2015-12-16,601899,14:05:02,2,3.62,60,21720
2015-12-16,601899,14:04:57,1,3.61,4,1444
2015-12-16,601899,14:04:52,1,3.61,2,1068
2015-12-16,601899,14:04:47,2,3.62,334,120908
2015-12-16,601899,14:04:42,2,3.62,41,14856
2015-12-16,601899,14:04:37,2,3.62,66,24239
2015-12-16,601899,14:04:32,1,3.61,55,19869
2015-12-16,601899,14:04:27,1,3.61,110,39710
2015-12-16,601899,14:04:22,1,3.61,12,4332
2015-12-16,601899,14:04:17,2,3.62,76,27512
2015-12-16,601899,14:04:12,1,3.61,46,16952
2015-12-16,601899,14:04:06,1,3.61,125,45139
2015-12-16,601899,14:04:01,2,3.62,260,94467
2015-12-16,601899,14:03:56,1,3.61,21,7595
2015-12-16,601899,14:03:51,1,3.61,28,10108
2015-12-16,601899,14:03:46,2,3.62,50,18100
2015-12-16,601899,14:03:41,2,3.62,48,17723
2015-12-16,601899,14:03:36,2,3.62,48,17376
2015-12-16,601899,14:03:31,1,3.61,130,46930
2015-12-16,601899,14:03:26,1,3.61,11,3985
2015-12-16,601899,14:03:21,1,3.61,98,35724
2015-12-16,601899,14:03:16,2,3.62,73,26440
2015-12-16,601899,14:03:11,1,3.61,66,23826
2015-12-16,601899,14:03:06,2,3.62,30,10860
2015-12-16,601899,14:03:01,2,3.62,2262,819191
2015-12-16,601899,14:02:51,1,3.61,116,41876
2015-12-16,601899,14:02:46,1,3.61,149,53803
2015-12-16,601899,14:02:36,1,3.61,192,69658
2015-12-16,601899,14:02:26,1,3.61,10,3610
2015-12-16,601899,14:02:21,1,3.61,256,92416
2015-12-16,601899,14:02:11,2,3.62,71,25716
2015-12-16,601899,14:02:06,1,3.61,34,12620
2015-12-16,601899,14:01:56,1,3.61,887,320221
2015-12-16,601899,14:01:51,1,3.61,70,25616
2015-12-16,601899,14:01:46,1,3.61,15,5429
2015-12-16,601899,14:01:41,2,3.62,112,40544
2015-12-16,601899,14:01:36,1,3.61,10,3956
2015-12-16,601899,14:01:31,1,3.61,151,54525
2015-12-16,601899,14:01:26,1,3.61,44,16230
2015-12-16,601899,14:01:21,1,3.61,29,10483
2015-12-16,601899,14:01:16,2,3.62,26,9759
2015-12-16,601899,14:01:11,2,3.62,542,196204
2015-12-16,601899,14:01:06,1,3.61,50,18050
2015-12-16,601899,14:01:01,1,3.61,543,196037
2015-12-16,601899,14:00:56,1,3.61,158,57038
2015-12-16,601899,14:00:51,1,3.61,312,112978
2015-12-16,601899,14:00:46,1,3.61,49,17703
2015-12-16,601899,14:00:41,1,3.61,526,189886
2015-12-16,601899,14:00:36,1,3.61,78,28504
2015-12-16,601899,14:00:31,1,3.61,46,16606
2015-12-16,601899,14:00:25,1,3.61,5,1819
2015-12-16,601899,14:00:20,1,3.61,52,19118
2015-12-16,601899,14:00:15,1,3.61,15,5429
2015-12-16,601899,14:00:10,1,3.61,292,105412
2015-12-16,601899,14:00:05,1,3.61,44,15884
2015-12-16,601899,14:00:00,1,3.61,528,190608
2015-12-16,601899,13:59:55,2,3.62,598,216823
2015-12-16,601899,13:59:50,1,3.61,33,11927
2015-12-16,601899,13:59:40,1,3.61,68,24894
2015-12-16,601899,13:59:35,2,3.62,46,16652
2015-12-16,601899,13:59:30,2,3.62,85,30784
2015-12-16,601899,13:59:25,1,3.61,14,5054
2015-12-16,601899,13:59:20,1,3.61,20,7220
2015-12-16,601899,13:59:15,1,3.61,1020,368220
2015-12-16,601899,13:59:10,1,3.61,28,10108
2015-12-16,601899,13:59:05,1,3.61,576,207936
2015-12-16,601899,13:59:00,1,3.61,188,67868
2015-12-16,601899,13:58:55,2,3.62,42,15551
2015-12-16,601899,13:58:50,2,3.62,300,108600
2015-12-16,601899,13:58:45,1,3.61,1,375
2015-12-16,601899,13:58:35,1,3.61,48,17328
2015-12-16,601899,13:58:30,2,3.62,12,4344
2015-12-16,601899,13:58:25,1,3.61,2,1068
2015-12-16,601899,13:58:20,2,3.62,85,30784
2015-12-16,601899,13:58:15,2,3.62,570,206340
2015-12-16,601899,13:58:10,1,3.61,94,33934
2015-12-16,601899,13:58:05,1,3.61,4,1444
2015-12-16,601899,13:58:00,1,3.61,128,46554
2015-12-16,601899,13:57:55,2,3.62,84,30408
2015-12-16,601899,13:57:50,1,3.61,66,24028
2015-12-16,601899,13:57:45,2,3.62,52,19171
2015-12-16,601899,13:57:40,1,3.61,15,5429
2015-12-16,601899,13:57:35,1,3.61,18,6844
2015-12-16,601899,13:57:30,2,3.62,27,9788
2015-12-16,601899,13:57:25,2,3.62,812,294291
2015-12-16,601899,13:57:20,2,3.62,90,32580
2015-12-16,601899,13:57:10,2,3.62,297,107528
2015-12-16,601899,13:57:05,1,3.61,0,346
2015-12-16,601899,13:57:00,2,3.62,21,7616
2015-12-16,601899,13:56:54,1,3.61,14,5054
2015-12-16,601899,13:56:49,2,3.62,38,13756
2015-12-16,601899,13:56:44,2,3.62,32,11931
2015-12-16,601899,13:56:39,1,3.61,23,8317
2015-12-16,601899,13:56:34,2,3.62,68,24963
2015-12-16,601899,13:56:29,2,3.62,11,3996
2015-12-16,601899,13:56:24,1,3.61,50,18396
2015-12-16,601899,13:56:19,2,3.62,7,2548
2015-12-16,601899,13:56:14,2,3.62,300,108600
2015-12-16,601899,13:56:09,2,3.62,192,69504
2015-12-16,601899,13:55:59,2,3.62,10,3967
2015-12-16,601899,13:55:54,1,3.61,4,1444
2015-12-16,601899,13:55:49,1,3.61,111,40085
2015-12-16,601899,13:55:44,1,3.61,302,109022
2015-12-16,601899,13:55:39,2,3.62,8,2896
2015-12-16,601899,13:55:34,2,3.62,90,32927
2015-12-16,601899,13:55:29,2,3.62,20,7240
2015-12-16,601899,13:55:24,1,3.61,130,46930
2015-12-16,601899,13:55:19,2,3.62,10,3620
2015-12-16,601899,13:55:14,1,3.61,6,2166
2015-12-16,601899,13:55:09,2,3.62,104,37648
2015-12-16,601899,13:55:04,2,3.62,63,22820
2015-12-16,601899,13:54:59,1,3.61,100,36100
2015-12-16,601899,13:54:54,2,3.62,30,10860
2015-12-16,601899,13:54:44,1,3.61,52,19118
2015-12-16,601899,13:54:39,1,3.61,45,16259
2015-12-16,601899,13:54:34,2,3.62,304,110048
2015-12-16,601899,13:54:29,2,3.62,82,29684
2015-12-16,601899,13:54:24,1,3.61,44,16230
2015-12-16,601899,13:54:19,1,3.61,13,4707
2015-12-16,601899,13:54:14,2,3.62,104,37648
2015-12-16,601899,13:54:09,1,3.61,50,18050
2015-12-16,601899,13:54:04,1,3.61,48,17328
2015-12-16,601899,13:53:59,2,3.62,58,21343
2015-12-16,601899,13:53:54,1,3.61,14,5054
2015-12-16,601899,13:53:49,1,3.61,79,28533
2015-12-16,601899,13:53:39,1,3.61,14,5054
2015-12-16,601899,13:53:34,1,3.61,44,16230
2015-12-16,601899,13:53:29,1,3.61,149,53803
2015-12-16,601899,13:53:24,1,3.61,6,2166
2015-12-16,601899,13:53:18,1,3.61,62,22728
2015-12-16,601899,13:53:13,1,3.61,81,29255
2015-12-16,601899,13:53:08,1,3.61,60,22006
2015-12-16,601899,13:53:03,2,3.62,6,2172
2015-12-16,601899,13:52:58,2,3.62,100,36200
2015-12-16,601899,13:52:53,1,3.61,502,181222
2015-12-16,601899,13:52:48,2,3.62,108,39096
2015-12-16,601899,13:52:43,2,3.62,17,6168
2015-12-16,601899,13:52:38,1,3.61,68,24894
2015-12-16,601899,13:52:33,1,3.61,3133,1131027
2015-12-16,601899,13:52:28,1,3.61,18,6498
2015-12-16,601899,13:52:23,1,3.61,2,722
2015-12-16,601899,13:52:18,1,3.61,50,18050
2015-12-16,601899,13:52:13,1,3.61,10,3610
2015-12-16,601899,13:52:08,2,3.62,572,207411
2015-12-16,601899,13:52:03,1,3.61,42,15162
2015-12-16,601899,13:51:58,1,3.61,16,5776
2015-12-16,601899,13:51:53,2,3.62,1,376
2015-12-16,601899,13:51:48,1,3.61,20,7566
2015-12-16,601899,13:51:43,1,3.61,45,16259
2015-12-16,601899,13:51:38,1,3.61,2,722
2015-12-16,601899,13:51:33,1,3.61,58,21284
2015-12-16,601899,13:51:28,1,3.61,101,36475
2015-12-16,601899,13:51:23,2,3.62,52,19171
2015-12-16,601899,13:51:18,1,3.61,113,40807
2015-12-16,601899,13:51:13,1,3.61,140,50540
2015-12-16,601899,13:51:08,1,3.61,348,125628
2015-12-16,601899,13:51:03,1,3.61,60,22006
2015-12-16,601899,13:50:58,2,3.61,90,32663
2015-12-16,601899,13:50:53,1,3.6,43,15494
2015-12-16,601899,13:50:49,2,3.61,312,112632
2015-12-16,601899,13:50:39,2,3.61,6,2512
2015-12-16,601899,13:50:34,1,3.6,214,77040
2015-12-16,601899,13:50:24,2,3.61,201,72575
2015-12-16,601899,13:50:19,2,3.61,32,11898
2015-12-16,601899,13:50:14,2,3.61,7,2541
2015-12-16,601899,13:50:09,2,3.61,86,31392
2015-12-16,601899,13:50:04,2,3.61,61,22035
2015-12-16,601899,13:49:54,1,3.61,327,118234
2015-12-16,601899,13:49:49,1,3.61,406,146912
2015-12-16,601899,13:49:44,1,3.61,20,7220
2015-12-16,601899,13:49:38,1,3.61,100,36100
2015-12-16,601899,13:49:33,1,3.61,17,6151
2015-12-16,601899,13:49:28,1,3.61,62,22728
2015-12-16,601899,13:49:23,1,3.61,20,7220
2015-12-16,601899,13:49:18,2,3.62,167,60468
2015-12-16,601899,13:49:13,1,3.61,166,60272
2015-12-16,601899,13:49:08,2,3.62,124,44888
2015-12-16,601899,13:49:03,2,3.62,352,127424
2015-12-16,601899,13:48:58,1,3.61,19,6873
2015-12-16,601899,13:48:53,1,3.61,140,50886
2015-12-16,601899,13:48:48,2,3.61,77,27984
2015-12-16,601899,13:48:43,1,3.6,202,72720
2015-12-16,601899,13:48:38,2,3.61,304,109744
2015-12-16,601899,13:48:33,2,3.61,0,346
2015-12-16,601899,13:48:28,1,3.6,64,23040
2015-12-16,601899,13:48:23,1,3.6,57,20534
2015-12-16,601899,13:48:18,1,3.6,6,2160
2015-12-16,601899,13:48:13,1,3.6,260,93600
2015-12-16,601899,13:48:08,2,3.61,62,22382
2015-12-16,601899,13:48:03,2,3.61,118,42598
2015-12-16,601899,13:47:53,1,3.6,50,18345
2015-12-16,601899,13:47:48,2,3.61,5,1819
2015-12-16,601899,13:47:43,2,3.61,456,164962
2015-12-16,601899,13:47:38,1,3.61,51,18425
2015-12-16,601899,13:47:33,2,3.61,178,64258
2015-12-16,601899,13:47:28,1,3.6,164,59385
2015-12-16,601899,13:47:23,2,3.61,77,27811
2015-12-16,601899,13:47:13,2,3.61,150,54150
2015-12-16,601899,13:47:08,2,3.61,30,11176
2015-12-16,601899,13:47:03,2,3.61,9,3263
2015-12-16,601899,13:46:58,2,3.61,106,38266
2015-12-16,601899,13:46:53,2,3.61,370,133570
2015-12-16,601899,13:46:48,2,3.61,88,31768
2015-12-16,601899,13:46:43,1,3.6,8,2880
2015-12-16,601899,13:46:38,2,3.61,0,346
2015-12-16,601899,13:46:33,1,3.6,892,321120
2015-12-16,601899,13:46:28,2,3.61,699,252353
2015-12-16,601899,13:46:23,1,3.61,206,74366
2015-12-16,601899,13:46:18,1,3.61,50,18050
2015-12-16,601899,13:46:13,2,3.61,130,46930
2015-12-16,601899,13:46:08,1,3.6,98,35625
2015-12-16,601899,13:46:03,2,3.61,69,24923
2015-12-16,601899,13:45:58,2,3.61,402,145468
2015-12-16,601899,13:45:53,2,3.61,33,11927
2015-12-16,601899,13:45:48,2,3.61,28,10108
2015-12-16,601899,13:45:43,2,3.61,108,38988
2015-12-16,601899,13:45:38,2,3.61,12,4678
2015-12-16,601899,13:45:33,1,3.6,12,4320
2015-12-16,601899,13:45:28,2,3.61,86,31046
2015-12-16,601899,13:45:23,2,3.61,21,7595
2015-12-16,601899,13:45:18,1,3.61,390,140963
2015-12-16,601899,13:45:13,1,3.61,1097,396031
2015-12-16,601899,13:45:08,2,3.62,262,95191
2015-12-16,601899,13:45:03,1,3.61,3324,1199964
2015-12-16,601899,13:44:58,1,3.61,20,7220
2015-12-16,601899,13:44:53,2,3.62,21,7616
2015-12-16,601899,13:44:48,1,3.61,4,1790
2015-12-16,601899,13:44:43,1,3.61,5,1819
2015-12-16,601899,13:44:38,1,3.61,12,4678
2015-12-16,601899,13:44:27,1,3.61,81,29255
2015-12-16,601899,13:44:22,2,3.62,162,58991
2015-12-16,601899,13:44:17,1,3.61,289,104343
2015-12-16,601899,13:44:12,1,3.61,50,18396
2015-12-16,601899,13:44:07,1,3.61,40,14440
2015-12-16,601899,13:44:02,1,3.61,44,15884
2015-12-16,601899,13:43:57,2,3.61,617,222924
2015-12-16,601899,13:43:52,2,3.61,106,38266
2015-12-16,601899,13:43:47,2,3.61,244,88430
2015-12-16,601899,13:43:42,1,3.61,151,54698
2015-12-16,601899,13:43:37,1,3.61,39,14266
2015-12-16,601899,13:43:32,0,3.61,90,32490
2015-12-16,601899,13:43:27,1,3.6,468,168480
2015-12-16,601899,13:43:22,2,3.61,9761,3523908
2015-12-16,601899,13:43:17,1,3.6,4,1785
2015-12-16,601899,13:43:12,2,3.61,56,20216
2015-12-16,601899,13:43:07,2,3.61,54,19494
2015-12-16,601899,13:43:02,2,3.61,21,7595
2015-12-16,601899,13:42:57,1,3.6,74,26640
2015-12-16,601899,13:42:43,2,3.61,98,35724
2015-12-16,601899,13:42:38,2,3.61,284,102524
2015-12-16,601899,13:42:28,1,3.6,1521,547574
2015-12-16,601899,13:42:23,1,3.6,84,30585
2015-12-16,601899,13:42:08,2,3.61,153,55478
2015-12-16,601899,13:41:53,1,3.6,96,34560
2015-12-16,601899,13:41:53,1,3.6,414,149385
2015-12-16,601899,13:41:38,2,3.61,99,35753
2015-12-16,601899,13:41:33,1,3.6,284,102585
2015-12-16,601899,13:41:23,1,3.6,5,1814
2015-12-16,601899,13:41:18,2,3.61,398,143678
2015-12-16,601899,13:41:13,1,3.6,186,67305
2015-12-16,601899,13:41:13,2,3.61,310,111910
2015-12-16,601899,13:41:02,2,3.61,177,63911
2015-12-16,601899,13:40:57,2,3.61,152,55218
2015-12-16,601899,13:40:52,2,3.61,288,103968
2015-12-16,601899,13:40:47,1,3.6,20,7200
2015-12-16,601899,13:40:42,2,3.61,276,99636
2015-12-16,601899,13:40:32,2,3.61,87,31421
2015-12-16,601899,13:40:27,2,3.61,396,142956
2015-12-16,601899,13:40:17,2,3.61,100,36100
2015-12-16,601899,13:40:12,2,3.61,192,69658
2015-12-16,601899,13:40:02,1,3.6,62,22320
2015-12-16,601899,13:39:57,1,3.6,197,70934
2015-12-16,601899,13:39:47,1,3.6,78,28425
2015-12-16,601899,13:39:42,1,3.6,1460,525600
2015-12-16,601899,13:39:27,1,3.6,1211,435974
2015-12-16,601899,13:39:17,2,3.61,568,205048
2015-12-16,601899,13:39:12,2,3.61,214,77254
2015-12-16,601899,13:39:07,1,3.6,224,80812
2015-12-16,601899,13:38:57,2,3.61,121,43695
2015-12-16,601899,13:38:52,1,3.6,248,89625
2015-12-16,601899,13:38:42,1,3.6,250,90000
2015-12-16,601899,13:38:37,1,3.6,59,21254
2015-12-16,601899,13:38:27,2,3.61,14,5400
2015-12-16,601899,13:38:22,1,3.6,67,24134
2015-12-16,601899,13:38:12,1,3.6,52,19065
2015-12-16,601899,13:38:07,1,3.6,86,30960
2015-12-16,601899,13:37:57,2,3.61,7,2541
2015-12-16,601899,13:37:52,2,3.61,108,39334
2015-12-16,601899,13:37:42,1,3.6,509,183254
2015-12-16,601899,13:37:37,2,3.61,102,36822
2015-12-16,601899,13:37:32,2,3.61,2,1068
2015-12-16,601899,13:37:22,1,3.6,35,12614
2015-12-16,601899,13:37:17,1,3.6,52,18720
2015-12-16,601899,13:37:07,2,3.61,82,29948
2015-12-16,601899,13:37:02,2,3.61,1252,451972
2015-12-16,601899,13:36:47,2,3.61,62,22382
2015-12-16,601899,13:36:42,1,3.6,6,2160
2015-12-16,601899,13:36:42,2,3.61,115,41529
2015-12-16,601899,13:36:32,2,3.61,4,1790
2015-12-16,601899,13:36:27,1,3.6,161,57974
2015-12-16,601899,13:36:17,2,3.61,220,79766
2015-12-16,601899,13:36:12,1,3.6,288,103680
2015-12-16,601899,13:35:57,2,3.61,176,63536
2015-12-16,601899,13:35:47,1,3.6,66,23760
2015-12-16,601899,13:35:42,2,3.61,100,36100
2015-12-16,601899,13:35:32,1,3.6,2743,987494
2015-12-16,601899,13:35:27,1,3.6,298,107280
2015-12-16,601899,13:35:17,2,3.61,22,8288
2015-12-16,601899,13:35:12,1,3.6,352,126720
2015-12-16,601899,13:34:57,2,3.61,64,23104
2015-12-16,601899,13:34:52,2,3.61,264,95304
2015-12-16,601899,13:34:52,1,3.6,90,32400
2015-12-16,601899,13:34:42,2,3.61,87,31421
2015-12-16,601899,13:34:37,2,3.61,234,84474
2015-12-16,601899,13:34:27,2,3.61,10,3956
2015-12-16,601899,13:34:22,1,3.6,82,29520
2015-12-16,601899,13:34:12,1,3.6,55,19814
2015-12-16,601899,13:34:07,2,3.61,2314,835700
2015-12-16,601899,13:33:57,2,3.61,18,6498
2015-12-16,601899,13:33:52,1,3.6,299,107827
2015-12-16,601899,13:33:37,1,3.6,2874,1034812
2015-12-16,601899,13:33:27,2,3.61,194,70034
2015-12-16,601899,13:33:17,1,3.6,26,9360
2015-12-16,601899,13:33:12,1,3.6,87,31334
2015-12-16,601899,13:33:02,1,3.6,96,34905
2015-12-16,601899,13:32:57,1,3.6,120,43200
2015-12-16,601899,13:32:47,1,3.6,40,14400
2015-12-16,601899,13:32:42,1,3.6,4765,1715414
2015-12-16,601899,13:32:27,1,3.6,146,52905
2015-12-16,601899,13:32:17,1,3.6,603,217094
2015-12-16,601899,13:32:12,1,3.6,170,61200
2015-12-16,601899,13:31:57,1,3.6,16,6105
2015-12-16,601899,13:31:47,1,3.6,33,11894
2015-12-16,601899,13:31:42,1,3.6,14,5385
2015-12-16,601899,13:31:37,2,3.61,30,10830
2015-12-16,601899,13:31:32,2,3.61,787,284121
2015-12-16,601899,13:31:27,1,3.6,22,8265
2015-12-16,601899,13:31:22,1,3.6,110,39600
2015-12-16,601899,13:31:12,2,3.61,68,24548
2015-12-16,601899,13:31:07,2,3.61,58,20938
2015-12-16,601899,13:30:56,2,3.61,86,31046
2015-12-16,601899,13:30:51,1,3.6,40,14400
2015-12-16,601899,13:30:41,2,3.61,43,15537
2015-12-16,601899,13:30:36,1,3.6,58,20880
2015-12-16,601899,13:30:26,1,3.6,46,16560
2015-12-16,601899,13:30:21,1,3.6,282,101865
2015-12-16,601899,13:30:11,2,3.61,80,28880
2015-12-16,601899,13:30:06,2,3.61,9,3263
2015-12-16,601899,13:30:01,2,3.61,72,25992
2015-12-16,601899,13:29:56,1,3.6,376,135360
2015-12-16,601899,13:29:51,1,3.6,32,11865
2015-12-16,601899,13:29:36,1,3.6,44,15840
2015-12-16,601899,13:29:31,1,3.6,82,29520
2015-12-16,601899,13:29:21,1,3.6,251,90374
2015-12-16,601899,13:29:16,2,3.61,46,16952
2015-12-16,601899,13:29:01,2,3.61,33,12100
2015-12-16,601899,13:28:51,2,3.61,630,227776
2015-12-16,601899,13:28:46,1,3.6,204,73440
2015-12-16,601899,13:28:41,2,3.61,125,45139
2015-12-16,601899,13:28:31,2,3.61,598,216224
2015-12-16,601899,13:28:26,1,3.6,1505,541814
2015-12-16,601899,13:28:16,1,3.6,28,10425
2015-12-16,601899,13:28:11,2,3.61,103,37197
2015-12-16,601899,13:28:06,1,3.6,290,104400
2015-12-16,601899,13:28:01,2,3.61,338,122018
2015-12-16,601899,13:27:56,1,3.6,26,9705
2015-12-16,601899,13:27:46,1,3.6,536,192960
2015-12-16,601899,13:27:41,1,3.6,400,144000
2015-12-16,601899,13:27:31,1,3.6,3638,1309680
2015-12-16,601899,13:27:26,2,3.61,14,5054
2015-12-16,601899,13:27:16,1,3.6,435,156614
2015-12-16,601899,13:27:11,2,3.61,66,23826
2015-12-16,601899,13:27:06,1,3.6,280,101145
2015-12-16,601899,13:26:56,2,3.61,161,58135
2015-12-16,601899,13:26:51,2,3.61,80,29226
2015-12-16,601899,13:26:41,2,3.61,301,108675
2015-12-16,601899,13:26:26,2,3.61,898,324178
2015-12-16,601899,13:26:21,2,3.61,54,19840
2015-12-16,601899,13:26:11,2,3.61,879,317333
2015-12-16,601899,13:26:06,2,3.61,126,45832
2015-12-16,601899,13:25:56,1,3.6,22,7920
2015-12-16,601899,13:25:51,1,3.6,211,75974
2015-12-16,601899,13:25:41,2,3.61,122,44388
2015-12-16,601899,13:25:36,1,3.6,204,73440
2015-12-16,601899,13:25:26,1,3.6,52,18720
2015-12-16,601899,13:25:21,2,3.61,3,1097
2015-12-16,601899,13:25:06,1,3.6,216,78105
2015-12-16,601899,13:25:01,1,3.6,273,98294
2015-12-16,601899,13:24:51,2,3.61,188,68214
2015-12-16,601899,13:24:46,2,3.61,295,106509
2015-12-16,601899,13:24:36,1,3.6,172,62265
2015-12-16,601899,13:24:31,2,3.61,451,162825
2015-12-16,601899,13:24:16,1,3.6,116,42105
2015-12-16,601899,13:24:11,1,3.6,341,122774
2015-12-16,601899,13:23:56,2,3.61,68,24548
2015-12-16,601899,13:23:51,1,3.6,32,11520
2015-12-16,601899,13:23:46,1,3.6,18,6825
2015-12-16,601899,13:23:41,2,3.61,392,141512
2015-12-16,601899,13:23:36,1,3.6,204,73440
2015-12-16,601899,13:23:26,1,3.6,104,37440
2015-12-16,601899,13:23:21,1,3.6,46,16560
2015-12-16,601899,13:23:16,2,3.61,1121,404695
2015-12-16,601899,13:23:11,2,3.61,340,122740
2015-12-16,601899,13:23:06,2,3.61,32,11552
2015-12-16,601899,13:22:56,1,3.6,252,90720
2015-12-16,601899,13:22:51,2,3.61,70,25616
2015-12-16,601899,13:22:41,1,3.6,89,32054
2015-12-16,601899,13:22:36,1,3.6,188,67680
2015-12-16,601899,13:22:26,2,3.61,2,1068
2015-12-16,601899,13:22:21,2,3.61,105,37919
2015-12-16,601899,13:22:11,2,3.61,15,5631
2015-12-16,601899,13:22:06,1,3.6,408,146880
2015-12-16,601899,13:21:56,2,3.61,133,48027
2015-12-16,601899,13:21:51,2,3.61,58,20938
2015-12-16,601899,13:21:46,1,3.6,192,69120
2015-12-16,601899,13:21:41,2,3.61,226,81586
2015-12-16,601899,13:21:36,1,3.6,30,10800
2015-12-16,601899,13:21:31,1,3.6,612,220665
2015-12-16,601899,13:21:20,1,3.6,47,16934
2015-12-16,601899,13:21:15,1,3.6,120,43200
2015-12-16,601899,13:21:10,1,3.6,116,42105
2015-12-16,601899,13:21:05,1,3.6,132,47520
2015-12-16,601899,13:20:50,1,3.6,120,43200
2015-12-16,601899,13:20:45,1,3.6,350,126000
2015-12-16,601899,13:20:40,1,3.6,105,37814
2015-12-16,601899,13:20:35,2,3.61,14,5400
2015-12-16,601899,13:20:30,1,3.6,93,33494
2015-12-16,601899,13:20:25,2,3.61,1870,675416
2015-12-16,601899,13:20:15,1,3.6,119,42854
2015-12-16,601899,13:20:10,2,3.61,248,89528
2015-12-16,601899,13:19:55,1,3.6,154,55440
2015-12-16,601899,13:19:45,1,3.6,124,44985
2015-12-16,601899,13:19:40,1,3.6,3610,1299600
2015-12-16,601899,13:19:30,2,3.61,200,72200
2015-12-16,601899,13:19:25,1,3.6,168,60480
2015-12-16,601899,13:19:20,2,3.61,110,39710
2015-12-16,601899,13:19:10,2,3.61,14,5054
2015-12-16,601899,13:19:05,1,3.6,188,67680
2015-12-16,601899,13:18:55,1,3.6,145,52214
2015-12-16,601899,13:18:50,1,3.6,54,19440
2015-12-16,601899,13:18:40,2,3.61,20,7566
2015-12-16,601899,13:18:35,2,3.61,1161,419135
2015-12-16,601899,13:18:25,2,3.61,106,38266
2015-12-16,601899,13:18:20,1,3.6,522,188092
2015-12-16,601899,13:18:10,2,3.61,609,219863
2015-12-16,601899,13:18:05,2,3.61,44,15884
2015-12-16,601899,13:17:55,2,3.61,32,11898
2015-12-16,601899,13:17:50,2,3.61,141,50915
2015-12-16,601899,13:17:40,1,3.6,462,166665
2015-12-16,601899,13:17:35,1,3.6,115,41414
2015-12-16,601899,13:17:25,2,3.61,20,7220
2015-12-16,601899,13:17:20,2,3.61,116,42222
2015-12-16,601899,13:17:10,1,3.6,162,58320
2015-12-16,601899,13:17:05,1,3.61,90,32490
2015-12-16,601899,13:17:00,2,3.61,49,17703
2015-12-16,601899,13:16:50,2,3.61,110,39710
2015-12-16,601899,13:16:45,0,3.61,222,80142
2015-12-16,601899,13:16:30,1,3.6,550,198345
2015-12-16,601899,13:16:20,2,3.61,253,91347
2015-12-16,601899,13:16:05,2,3.61,130,46930
2015-12-16,601899,13:16:00,2,3.61,78,28158
2015-12-16,601899,13:15:50,2,3.61,454,164240
2015-12-16,601899,13:15:45,1,3.61,327,118061
2015-12-16,601899,13:15:30,1,3.61,246,89152
2015-12-16,601899,13:15:25,2,3.61,238,86091
2015-12-16,601899,13:15:15,2,3.61,550,198550
2015-12-16,601899,13:15:10,1,3.6,608,219225
2015-12-16,601899,13:15:00,2,3.61,192,69312
2015-12-16,601899,13:14:55,1,3.6,124,44640
2015-12-16,601899,13:14:45,1,3.6,59,21254
2015-12-16,601899,13:14:40,2,3.61,82,29602
2015-12-16,601899,13:14:30,1,3.6,654,235785
2015-12-16,601899,13:14:25,1,3.6,1051,378374
2015-12-16,601899,13:14:10,2,3.61,56,20562
2015-12-16,601899,13:14:05,1,3.6,4052,1458720
2015-12-16,601899,13:13:55,1,3.6,42,15120
2015-12-16,601899,13:13:50,1,3.6,166,59760
2015-12-16,601899,13:13:40,1,3.61,267,96401
2015-12-16,601899,13:13:35,1,3.61,12,4332
2015-12-16,601899,13:13:30,2,3.62,124,44888
2015-12-16,601899,13:13:20,1,3.61,90,32490
2015-12-16,601899,13:13:15,2,3.61,302,109022
2015-12-16,601899,13:13:05,2,3.61,4,1790
2015-12-16,601899,13:13:00,1,3.6,492,177120
2015-12-16,601899,13:12:50,2,3.61,296,106856
2015-12-16,601899,13:12:45,1,3.6,69,24854
2015-12-16,601899,13:12:30,2,3.61,314,113700
2015-12-16,601899,13:12:15,1,3.6,141,50774
2015-12-16,601899,13:12:10,2,3.61,58,21284
2015-12-16,601899,13:12:05,1,3.61,100,36128
2015-12-16,601899,13:11:55,1,3.61,211,76358
2015-12-16,601899,13:11:45,1,3.61,516,186276
2015-12-16,601899,13:11:40,1,3.61,442,159908
2015-12-16,601899,13:11:30,1,3.61,1029,371483
2015-12-16,601899,13:11:24,1,3.61,225,81557
2015-12-16,601899,13:11:14,1,3.61,118,42771
2015-12-16,601899,13:11:09,2,3.62,58,20996
2015-12-16,601899,13:10:59,1,3.61,513,185207
2015-12-16,601899,13:10:54,1,3.61,24,8664
2015-12-16,601899,13:10:44,1,3.61,204,73990
2015-12-16,601899,13:10:39,1,3.61,211,76185
2015-12-16,601899,13:10:34,1,3.61,100,36100
2015-12-16,601899,13:10:29,1,3.61,2,722
2015-12-16,601899,13:10:24,1,3.61,848,306474
2015-12-16,601899,13:10:14,2,3.62,22,7964
2015-12-16,601899,13:10:09,2,3.62,15,5444
2015-12-16,601899,13:10:04,1,3.61,26,9732
2015-12-16,601899,13:09:54,1,3.61,95,34309
2015-12-16,601899,13:09:49,2,3.61,182,65702
2015-12-16,601899,13:09:39,2,3.61,112,40778
2015-12-16,601899,13:09:34,2,3.61,150,54150
2015-12-16,601899,13:09:24,1,3.61,791,285738
2015-12-16,601899,13:09:19,2,3.62,3705,1341224
2015-12-16,601899,13:09:09,2,3.62,1,376
2015-12-16,601899,13:09:04,2,3.62,16,5792
2015-12-16,601899,13:08:49,2,3.62,9,3591
2015-12-16,601899,13:08:44,2,3.62,33,11960
2015-12-16,601899,13:08:34,2,3.62,45,16304
2015-12-16,601899,13:08:29,2,3.62,90,32927
2015-12-16,601899,13:08:19,1,3.61,20,7220
2015-12-16,601899,13:08:14,1,3.61,184,66424
2015-12-16,601899,13:07:59,2,3.62,176,63712
2015-12-16,601899,13:07:49,2,3.62,8,2896
2015-12-16,601899,13:07:44,2,3.62,4,1448
2015-12-16,601899,13:07:39,1,3.61,9030,3259830
2015-12-16,601899,13:07:29,2,3.62,2,724
2015-12-16,601899,13:07:24,2,3.62,148,53576
2015-12-16,601899,13:07:14,2,3.62,102,36924
2015-12-16,601899,13:07:09,1,3.61,160,57760
2015-12-16,601899,13:06:59,2,3.62,63,22820
2015-12-16,601899,13:06:54,2,3.62,44,16275
2015-12-16,601899,13:06:44,2,3.62,534,193308
2015-12-16,601899,13:06:39,1,3.61,449,162103
2015-12-16,601899,13:06:29,1,3.61,24,8664
2015-12-16,601899,13:06:24,1,3.61,22,8288
2015-12-16,601899,13:06:14,2,3.62,6,2172
2015-12-16,601899,13:06:14,2,3.62,43,15580
2015-12-16,601899,13:05:59,2,3.62,50,18447
2015-12-16,601899,13:05:54,1,3.61,100,36100
2015-12-16,601899,13:05:49,1,3.61,29,10483
2015-12-16,601899,13:05:39,2,3.62,12,4344
2015-12-16,601899,13:05:34,1,3.61,138,50164
2015-12-16,601899,13:05:29,1,3.61,33,11927
2015-12-16,601899,13:05:24,2,3.62,70,25687
2015-12-16,601899,13:05:19,2,3.62,357,129248
2015-12-16,601899,13:05:09,2,3.62,548,198376
2015-12-16,601899,13:05:04,2,3.62,217,78887
2015-12-16,601899,13:04:54,2,3.62,158,57224
2015-12-16,601899,13:04:49,1,3.61,76,27436
2015-12-16,601899,13:04:34,1,3.61,54,19840
2015-12-16,601899,13:04:29,1,3.61,438,158291
2015-12-16,601899,13:04:14,1,3.61,90,32490
2015-12-16,601899,13:04:04,2,3.62,24,8688
2015-12-16,601899,13:03:59,1,3.61,75,27089
2015-12-16,601899,13:03:44,1,3.61,256,92416
2015-12-16,601899,13:03:39,2,3.62,80,28960
2015-12-16,601899,13:03:29,2,3.62,30,10860
2015-12-16,601899,13:03:24,1,3.61,62,22382
2015-12-16,601899,13:03:14,1,3.61,6,2166
2015-12-16,601899,13:03:09,2,3.62,1076,389512
2015-12-16,601899,13:02:54,1,3.61,6,2512
2015-12-16,601899,13:02:49,2,3.62,326,118012
2015-12-16,601899,13:02:44,1,3.61,110,39710
2015-12-16,601899,13:02:39,1,3.61,130,46930
2015-12-16,601899,13:02:34,1,3.61,88,31768
2015-12-16,601899,13:02:29,2,3.62,16,5792
2015-12-16,601899,13:02:24,1,3.61,863,311557
2015-12-16,601899,13:02:09,1,3.61,80,29226
2015-12-16,601899,13:02:04,2,3.62,132,47784
2015-12-16,601899,13:01:54,2,3.62,201,72776
2015-12-16,601899,13:01:49,2,3.62,108,39096
2015-12-16,601899,13:01:34,2,3.62,380,137907
2015-12-16,601899,13:01:19,1,3.61,37,13371
2015-12-16,601899,13:01:14,2,3.62,224,81435
2015-12-16,601899,13:01:04,2,3.62,25,9064
2015-12-16,601899,13:00:59,2,3.62,366,132492
2015-12-16,601899,13:00:48,2,3.62,12,4344
2015-12-16,601899,13:00:43,2,3.62,118,42716
2015-12-16,601899,13:00:28,2,3.62,120,43440
2015-12-16,601899,13:00:13,2,3.62,4414,1598215
2015-12-16,601899,11:30:06,1,3.61,3,1097
2015-12-16,601899,11:29:56,2,3.62,20,7587
2015-12-16,601899,11:29:51,1,3.61,10,3610
2015-12-16,601899,11:29:41,2,3.62,458,165796
2015-12-16,601899,11:29:36,2,3.62,638,230956
2015-12-16,601899,11:29:26,2,3.62,1795,649804
2015-12-16,601899,11:29:21,2,3.62,4,1448
2015-12-16,601899,11:29:16,2,3.62,268,97363
2015-12-16,601899,11:29:16,2,3.62,201,72776
2015-12-16,601899,11:29:06,1,3.61,18,6498
2015-12-16,601899,11:29:01,2,3.62,98,35823
2015-12-16,601899,11:28:56,2,3.62,9,3272
2015-12-16,601899,11:28:51,1,3.61,36,12996
2015-12-16,601899,11:28:46,2,3.62,110,39820
2015-12-16,601899,11:28:41,2,3.62,10,3620
2015-12-16,601899,11:28:36,2,3.62,20,7240
2015-12-16,601899,11:28:31,1,3.61,260,93860
2015-12-16,601899,11:28:16,1,3.61,108,38988
2015-12-16,601899,11:28:06,1,3.61,146,52706
2015-12-16,601899,11:28:01,1,3.61,84,30324
2015-12-16,601899,11:27:51,2,3.62,114,41615
2015-12-16,601899,11:27:46,2,3.62,111,40196
2015-12-16,601899,11:27:31,2,3.62,36,13379
2015-12-16,601899,11:27:16,1,3.61,110,39710
2015-12-16,601899,11:27:06,2,3.62,15,5444
2015-12-16,601899,11:26:56,2,3.62,4,1795
2015-12-16,601899,11:26:46,2,3.62,21,7616
2015-12-16,601899,11:26:41,1,3.61,86,31392
2015-12-16,601899,11:26:41,1,3.61,28,10108
2015-12-16,601899,11:26:31,2,3.62,52,18824
2015-12-16,601899,11:26:25,2,3.62,371,134316
2015-12-16,601899,11:26:15,1,3.61,64,23104
2015-12-16,601899,11:26:10,1,3.61,470,170016
2015-12-16,601899,11:25:55,1,3.61,696,251256
2015-12-16,601899,11:25:35,1,3.61,210,75810
2015-12-16,601899,11:25:25,1,3.61,207,74741
2015-12-16,601899,11:25:20,2,3.62,216,78192
2015-12-16,601899,11:25:10,2,3.62,52,18824
2015-12-16,601899,11:25:05,2,3.62,56,20272
2015-12-16,601899,11:24:55,2,3.62,82,29684
2015-12-16,601899,11:24:50,1,3.61,26,9732
2015-12-16,601899,11:24:45,1,3.61,219,79073
2015-12-16,601899,11:24:40,1,3.61,2,1068
2015-12-16,601899,11:24:35,1,3.61,320,115520
2015-12-16,601899,11:24:25,1,3.61,587,211921
2015-12-16,601899,11:24:20,1,3.61,2238,808264
2015-12-16,601899,11:24:05,1,3.61,145,52359
2015-12-16,601899,11:23:50,1,3.61,14,5054
2015-12-16,601899,11:23:45,1,3.61,130,46930
2015-12-16,601899,11:23:40,1,3.61,108,38988
2015-12-16,601899,11:23:35,2,3.62,2,1071
2015-12-16,601899,11:23:30,1,3.61,88,31768
2015-12-16,601899,11:23:25,1,3.61,10,3610
2015-12-16,601899,11:23:20,2,3.62,42,15204
2015-12-16,601899,11:23:15,2,3.62,83,30060
2015-12-16,601899,11:23:05,1,3.61,32,11898
2015-12-16,601899,11:23:00,2,3.62,62,22444
2015-12-16,601899,11:22:50,1,3.61,105,37919
2015-12-16,601899,11:22:45,2,3.62,14,5068
2015-12-16,601899,11:22:35,2,3.62,388,140803
2015-12-16,601899,11:22:30,2,3.62,79,28612
2015-12-16,601899,11:22:15,2,3.62,134,48855
2015-12-16,601899,11:21:55,1,3.61,20,7220
2015-12-16,601899,11:21:45,2,3.62,142,51404
2015-12-16,601899,11:21:40,2,3.62,462,167244
2015-12-16,601899,11:21:25,1,3.61,149,53803
2015-12-16,601899,11:21:15,2,3.62,70,25687
2015-12-16,601899,11:21:10,1,3.61,377,136111
2015-12-16,601899,11:21:00,1,3.61,40,14786
2015-12-16,601899,11:20:55,1,3.61,740,267140
2015-12-16,601899,11:20:40,1,3.61,16,5776
2015-12-16,601899,11:20:35,1,3.61,1263,455957
2015-12-16,601899,11:20:25,1,3.61,14,5400
2015-12-16,601899,11:20:20,1,3.61,476,171836
2015-12-16,601899,11:20:10,1,3.61,45,16259
2015-12-16,601899,11:20:05,2,3.62,298,107876
2015-12-16,601899,11:19:55,2,3.62,8,2896
2015-12-16,601899,11:19:50,1,3.61,354,127794
2015-12-16,601899,11:19:45,2,3.62,62,22791
2015-12-16,601899,11:19:35,2,3.62,168,60816
2015-12-16,601899,11:19:30,2,3.62,130,47060
2015-12-16,601899,11:19:20,1,3.61,94,34280
2015-12-16,601899,11:19:15,2,3.62,161,58296
2015-12-16,601899,11:19:05,1,3.61,42,15162
2015-12-16,601899,11:19:00,2,3.62,104,37995
2015-12-16,601899,11:18:50,1,3.61,30,10830
2015-12-16,601899,11:18:45,2,3.62,8,2896
2015-12-16,601899,11:18:35,2,3.62,10,3620
2015-12-16,601899,11:18:30,2,3.62,374,135388
2015-12-16,601899,11:18:15,2,3.62,2206,798572
2015-12-16,601899,11:18:05,1,3.61,3974,1434614
2015-12-16,601899,11:17:55,2,3.62,3501,1267376
2015-12-16,601899,11:17:45,2,3.62,10,3967
2015-12-16,601899,11:17:40,2,3.62,282,102084
2015-12-16,601899,11:17:30,1,3.61,732,264252
2015-12-16,601899,11:17:25,1,3.61,104,37544
2015-12-16,601899,11:17:15,2,3.62,271,98116
2015-12-16,601899,11:17:10,1,3.61,120,43320
2015-12-16,601899,11:16:55,1,3.61,98,35724
2015-12-16,601899,11:16:45,2,3.62,26,9412
2015-12-16,601899,11:16:40,2,3.62,239,86532
2015-12-16,601899,11:16:30,1,3.61,1118,403944
2015-12-16,601899,11:16:25,1,3.61,240,86640
2015-12-16,601899,11:16:15,2,3.62,409,148072
2015-12-16,601899,11:16:10,2,3.62,48,17376
2015-12-16,601899,11:16:05,1,3.61,424,153410
2015-12-16,601899,11:15:54,2,3.62,20,7240
2015-12-16,601899,11:15:49,2,3.62,68,24616
2015-12-16,601899,11:15:44,2,3.62,110,39820
2015-12-16,601899,11:15:39,1,3.61,227,81961
2015-12-16,601899,11:15:34,2,3.62,8,2896
2015-12-16,601899,11:15:29,2,3.62,50,18100
2015-12-16,601899,11:15:24,2,3.62,58,21343
2015-12-16,601899,11:15:19,1,3.62,330,119662
2015-12-16,601899,11:15:14,1,3.62,10980,3974760
2015-12-16,601899,11:15:04,2,3.63,174,63510
2015-12-16,601899,11:14:54,2,3.63,103,37403
2015-12-16,601899,11:14:49,1,3.62,1868,676563
2015-12-16,601899,11:14:39,1,3.62,6,2172
2015-12-16,601899,11:14:34,2,3.63,130,47190
2015-12-16,601899,11:14:24,1,3.62,199,72052
2015-12-16,601899,11:14:19,1,3.62,62,22444
2015-12-16,601899,11:14:14,2,3.63,76,27936
2015-12-16,601899,11:13:59,2,3.63,201,72977
2015-12-16,601899,11:13:59,2,3.63,226,82386
2015-12-16,601899,11:13:49,1,3.62,128,46336
2015-12-16,601899,11:13:44,2,3.63,161,58457
2015-12-16,601899,11:13:34,1,3.62,60,22067
2015-12-16,601899,11:13:29,1,3.62,395,143004
2015-12-16,601899,11:13:19,2,3.63,0,348
2015-12-16,601899,11:13:14,2,3.63,199,72251
2015-12-16,601899,11:12:59,2,3.63,74,27210
2015-12-16,601899,11:12:49,2,3.63,310,112530
2015-12-16,601899,11:12:44,2,3.63,2,726
2015-12-16,601899,11:12:39,2,3.63,187,67895
2015-12-16,601899,11:12:29,2,3.63,32,11616
2015-12-16,601899,11:12:24,1,3.62,96,34752
2015-12-16,601899,11:12:14,2,3.63,114,41382
2015-12-16,601899,11:12:09,2,3.63,94,34470
2015-12-16,601899,11:11:59,1,3.62,12,4344
2015-12-16,601899,11:11:54,1,3.62,211,76396
2015-12-16,601899,11:11:44,2,3.63,38,14142
2015-12-16,601899,11:11:39,2,3.63,56,20328
2015-12-16,601899,11:11:29,1,3.62,37,13408
2015-12-16,601899,11:11:24,1,3.62,66,23892
2015-12-16,601899,11:11:14,1,3.62,338,122703
2015-12-16,601899,11:11:09,1,3.62,156,56472
2015-12-16,601899,11:10:54,2,3.63,13,4733
2015-12-16,601899,11:10:49,1,3.62,344,124528
2015-12-16,601899,11:10:39,2,3.63,100,36300
2015-12-16,601899,11:10:34,1,3.62,426,154559
2015-12-16,601899,11:10:24,2,3.63,13,4733
2015-12-16,601899,11:10:19,1,3.62,412,149144
2015-12-16,601899,11:10:04,2,3.63,2,1074
2015-12-16,601899,11:09:59,2,3.63,547,198575
2015-12-16,601899,11:09:44,2,3.63,104,37752
2015-12-16,601899,11:09:39,2,3.63,146,52998
2015-12-16,601899,11:09:34,1,3.62,0,347
2015-12-16,601899,11:09:29,1,3.62,172,62264
2015-12-16,601899,11:09:24,1,3.62,976,353312
2015-12-16,601899,11:09:14,1,3.62,158,57196
2015-12-16,601899,11:09:09,2,3.63,105,38129
2015-12-16,601899,11:09:04,1,3.62,139,50477
2015-12-16,601899,11:08:44,1,3.62,30,10860
2015-12-16,601899,11:08:39,2,3.63,141,51197
2015-12-16,601899,11:08:29,1,3.62,500,181347
2015-12-16,601899,11:08:24,2,3.63,5,1829
2015-12-16,601899,11:08:14,2,3.63,14,5430
2015-12-16,601899,11:08:09,1,3.62,274,99188
2015-12-16,601899,11:07:54,2,3.63,18,6534
2015-12-16,601899,11:07:44,2,3.63,40,14520
2015-12-16,601899,11:07:39,1,3.62,310,112220
2015-12-16,601899,11:07:34,2,3.63,75,27239
2015-12-16,601899,11:07:34,2,3.63,82,30114
2015-12-16,601899,11:07:24,1,3.62,43,15580
2015-12-16,601899,11:07:19,1,3.62,166,60092
2015-12-16,601899,11:07:14,1,3.62,624,226235
2015-12-16,601899,11:07:09,2,3.63,86,31218
2015-12-16,601899,11:07:04,2,3.63,245,88949
2015-12-16,601899,11:06:54,2,3.63,124,45012
2015-12-16,601899,11:06:49,2,3.63,32,11616
2015-12-16,601899,11:06:44,1,3.63,2084,756666
2015-12-16,601899,11:06:39,1,3.63,88,31944
2015-12-16,601899,11:06:34,1,3.63,163,59357
2015-12-16,601899,11:06:24,2,3.64,1,378
2015-12-16,601899,11:06:19,2,3.63,4063,1475202
2015-12-16,601899,11:06:04,2,3.63,320,116160
2015-12-16,601899,11:05:49,2,3.63,118,42834
2015-12-16,601899,11:05:39,1,3.63,758,275154
2015-12-16,601899,11:05:29,1,3.63,484,175692
2015-12-16,601899,11:05:19,2,3.64,423,153986
2015-12-16,601899,11:05:14,1,3.63,2338,848694
2015-12-16,601899,11:04:58,2,3.64,364,132496
2015-12-16,601899,11:04:48,1,3.63,26,9786
2015-12-16,601899,11:04:43,2,3.64,1282,466677
2015-12-16,601899,11:04:28,1,3.63,142,51894
2015-12-16,601899,11:04:18,2,3.64,14,5096
2015-12-16,601899,11:04:13,1,3.63,24,9060
2015-12-16,601899,11:04:08,1,3.63,270,98097
2015-12-16,601899,11:03:58,1,3.63,109,39668
2015-12-16,601899,11:03:53,2,3.64,187,68082
2015-12-16,601899,11:03:51,1,3.63,118,43182
2015-12-16,601899,11:03:41,2,3.64,45,16394
2015-12-16,601899,11:03:36,1,3.63,52,18876
2015-12-16,601899,11:03:31,1,3.63,82,29766
2015-12-16,601899,11:03:21,1,3.63,112,41004
2015-12-16,601899,11:03:16,1,3.63,68,24684
2015-12-16,601899,11:03:06,2,3.64,56,20384
2015-12-16,601899,11:03:01,2,3.64,110,40040
2015-12-16,601899,11:02:51,2,3.64,117,42602
2015-12-16,601899,11:02:46,2,3.64,328,119392
2015-12-16,601899,11:02:41,1,3.63,242,88194
2015-12-16,601899,11:02:36,2,3.64,23,8386
2015-12-16,601899,11:02:30,1,3.63,74,27210
2015-12-16,601899,11:02:25,2,3.64,50,18200
2015-12-16,601899,11:02:20,1,3.63,36,13068
2015-12-16,601899,11:02:15,2,3.64,231,84098
2015-12-16,601899,11:02:10,1,3.63,182,66066
2015-12-16,601899,11:02:00,2,3.64,90,32760
2015-12-16,601899,11:01:55,1,3.63,106,38826
2015-12-16,601899,11:01:50,2,3.64,6,2184
2015-12-16,601899,11:01:45,2,3.64,218,79352
2015-12-16,601899,11:01:40,2,3.64,68,24752
2015-12-16,601899,11:01:35,1,3.63,59,21431
2015-12-16,601899,11:01:30,1,3.63,112,40656
2015-12-16,601899,11:01:25,2,3.64,194,70616
2015-12-16,601899,11:01:20,1,3.63,46,17046
2015-12-16,601899,11:01:15,1,3.63,35,12719
2015-12-16,601899,11:01:10,1,3.63,50,18150
2015-12-16,601899,11:01:05,1,3.63,14,5430
2015-12-16,601899,11:01:00,1,3.63,38,13794
2015-12-16,601899,11:00:55,1,3.63,633,229793
2015-12-16,601899,11:00:50,1,3.63,168,60984
2015-12-16,601899,11:00:45,1,3.63,192,70044
2015-12-16,601899,11:00:40,1,3.63,262,95106
2015-12-16,601899,11:00:35,1,3.63,22,7986
2015-12-16,601899,11:00:30,2,3.64,228,82992
2015-12-16,601899,11:00:25,1,3.63,66,23958
2015-12-16,601899,11:00:20,2,3.64,50,18200
2015-12-16,601899,11:00:15,2,3.64,151,54978
2015-12-16,601899,11:00:10,2,3.64,52,19277
2015-12-16,601899,11:00:05,1,3.63,271,98387
2015-12-16,601899,11:00:00,2,3.64,460,167789
2015-12-16,601899,10:59:55,2,3.64,768,279552
2015-12-16,601899,10:59:50,1,3.63,152,55176
2015-12-16,601899,10:59:45,1,3.63,12,4356
2015-12-16,601899,10:59:40,2,3.64,108,39312
2015-12-16,601899,10:59:35,1,3.63,60,21780
2015-12-16,601899,10:59:30,2,3.64,3,1106
2015-12-16,601899,10:59:25,2,3.64,46,17093
2015-12-16,601899,10:59:20,2,3.64,21,7658
2015-12-16,601899,10:59:15,1,3.63,96,35196
2015-12-16,601899,10:59:10,2,3.64,107,38962
2015-12-16,601899,10:59:05,1,3.63,126,46086
2015-12-16,601899,10:58:59,1,3.63,70,25410
2015-12-16,601899,10:58:54,2,3.64,167,60802
2015-12-16,601899,10:58:49,1,3.63,334,121242
2015-12-16,601899,10:58:44,2,3.64,168,61501
2015-12-16,601899,10:58:39,2,3.64,144,52416
2015-12-16,601899,10:58:34,2,3.64,144,52416
2015-12-16,601899,10:58:29,2,3.64,116,42224
2015-12-16,601899,10:58:24,1,3.63,123,44663
2015-12-16,601899,10:58:19,2,3.64,230,84069
2015-12-16,601899,10:58:14,2,3.64,302,109928
2015-12-16,601899,10:58:09,2,3.64,299,108850
2015-12-16,601899,10:58:04,1,3.63,188,68244
2015-12-16,601899,10:57:59,1,3.63,22,8334
2015-12-16,601899,10:57:54,1,3.63,769,279161
2015-12-16,601899,10:57:49,2,3.64,66,24373
2015-12-16,601899,10:57:44,1,3.63,309,112181
2015-12-16,601899,10:57:39,1,3.63,224,81660
2015-12-16,601899,10:57:34,2,3.64,25,9114
2015-12-16,601899,10:57:29,2,3.64,196,71344
2015-12-16,601899,10:57:24,1,3.63,14,5082
2015-12-16,601899,10:57:19,1,3.63,104,38100
2015-12-16,601899,10:57:14,2,3.64,80,29120
2015-12-16,601899,10:57:09,1,3.63,238,86394
2015-12-16,601899,10:57:04,2,3.64,5,1834
2015-12-16,601899,10:56:59,1,3.63,52,19224
2015-12-16,601899,10:56:54,2,3.64,5,1834
2015-12-16,601899,10:56:49,1,3.63,10,3630
2015-12-16,601899,10:56:44,1,3.63,24,9060
2015-12-16,601899,10:56:39,2,3.64,85,30954
2015-12-16,601899,10:56:34,1,3.63,74,27210
2015-12-16,601899,10:56:29,1,3.63,10,3630
2015-12-16,601899,10:56:24,1,3.63,209,75881
2015-12-16,601899,10:56:19,2,3.64,62,22568
2015-12-16,601899,10:56:14,2,3.64,38,13832
2015-12-16,601899,10:56:09,2,3.64,58,21112
2015-12-16,601899,10:56:04,1,3.63,254,92550
2015-12-16,601899,10:55:59,1,3.63,22,7986
2015-12-16,601899,10:55:54,1,3.63,101,36677
2015-12-16,601899,10:55:49,2,3.64,30,10920
2015-12-16,601899,10:55:44,2,3.64,432,157248
2015-12-16,601899,10:55:39,2,3.64,112,41117
2015-12-16,601899,10:55:34,1,3.63,490,177870
2015-12-16,601899,10:55:22,1,3.63,268,97284
2015-12-16,601899,10:55:12,1,3.63,241,87497
2015-12-16,601899,10:55:02,1,3.63,60,21780
2015-12-16,601899,10:54:57,1,3.63,78,28314
2015-12-16,601899,10:54:47,2,3.63,1165,423054
2015-12-16,601899,10:54:42,2,3.63,2863,1039283
2015-12-16,601899,10:54:27,2,3.63,322,117234
2015-12-16,601899,10:54:12,2,3.63,711,258107
2015-12-16,601899,10:53:57,1,3.62,4,1448
2015-12-16,601899,10:53:52,2,3.63,178,64962
2015-12-16,601899,10:53:42,1,3.62,26,9412
2015-12-16,601899,10:53:37,2,3.63,1082,392766
2015-12-16,601899,10:53:37,1,3.62,41,14856
2015-12-16,601899,10:53:22,1,3.62,64,23168
2015-12-16,601899,10:53:12,2,3.63,112,41004
2015-12-16,601899,10:53:07,1,3.62,133,48160
2015-12-16,601899,10:52:57,1,3.62,1428,517283
2015-12-16,601899,10:52:52,2,3.63,47,17075
2015-12-16,601899,10:52:42,1,3.62,42,15551
2015-12-16,601899,10:52:37,1,3.62,44,15928
2015-12-16,601899,10:52:27,2,3.63,111,40307
2015-12-16,601899,10:52:22,2,3.63,288,104544
2015-12-16,601899,10:52:07,2,3.63,20,7260
2015-12-16,601899,10:52:02,2,3.63,324,117612
2015-12-16,601899,10:51:52,1,3.62,14,5068
2015-12-16,601899,10:51:47,1,3.62,68,24963
2015-12-16,601899,10:51:37,1,3.62,226,81812
2015-12-16,601899,10:51:32,1,3.62,82,29684
2015-12-16,601899,10:51:22,1,3.62,223,80740
2015-12-16,601899,10:51:17,2,3.63,158,57702
2015-12-16,601899,10:51:07,2,3.63,41,14897
2015-12-16,601899,10:51:02,1,3.62,90,32927
2015-12-16,601899,10:51:02,1,3.62,25,9064
2015-12-16,601899,10:50:47,2,3.63,80,29040
2015-12-16,601899,10:50:37,2,3.63,14,5430
2015-12-16,601899,10:50:32,1,3.62,33,11960
2015-12-16,601899,10:50:22,1,3.62,124,45235
2015-12-16,601899,10:50:17,2,3.63,180,65340
2015-12-16,601899,10:50:02,2,3.63,11,4007
2015-12-16,601899,10:49:52,1,3.62,24,8688
2015-12-16,601899,10:49:47,2,3.63,24,9060
2015-12-16,601899,10:49:42,1,3.62,605,219024
2015-12-16,601899,10:49:32,1,3.62,14,5415
2015-12-16,601899,10:49:27,2,3.63,394,143022
2015-12-16,601899,10:49:17,2,3.63,53,19253
2015-12-16,601899,10:49:12,2,3.63,140,50820
2015-12-16,601899,10:49:02,1,3.62,38,14103
2015-12-16,601899,10:48:57,2,3.63,543,197123
2015-12-16,601899,10:48:42,1,3.62,204,73848
2015-12-16,601899,10:48:32,1,3.62,78,28583
2015-12-16,601899,10:48:27,1,3.62,47,17028
2015-12-16,601899,10:48:22,1,3.62,66,23892
2015-12-16,601899,10:48:12,2,3.63,284,103092
2015-12-16,601899,10:48:07,1,3.62,906,327972
2015-12-16,601899,10:47:57,2,3.63,46,17046
2015-12-16,601899,10:47:52,1,3.62,363,131420
2015-12-16,601899,10:47:42,2,3.63,604,219600
2015-12-16,601899,10:47:37,2,3.63,192,69696
2015-12-16,601899,10:47:27,2,3.63,616,223608
2015-12-16,601899,10:47:22,1,3.62,125,45264
2015-12-16,601899,10:47:12,2,3.63,94,34122
2015-12-16,601899,10:47:07,2,3.63,104,37752
2015-12-16,601899,10:46:57,2,3.63,134,48642
2015-12-16,601899,10:46:52,1,3.62,100,36547
2015-12-16,601899,10:46:47,1,3.62,20,7240
2015-12-16,601899,10:46:37,2,3.63,140,50820
2015-12-16,601899,10:46:32,1,3.62,331,119836
2015-12-16,601899,10:46:22,2,3.63,480,174588
2015-12-16,601899,10:46:17,1,3.62,637,230608
2015-12-16,601899,10:46:07,1,3.62,628,227336
2015-12-16,601899,10:46:02,2,3.63,111,40481
2015-12-16,601899,10:45:52,1,3.62,214,77468
2015-12-16,601899,10:45:52,2,3.63,270,98010
2015-12-16,601899,10:45:36,2,3.63,2,726
2015-12-16,601899,10:45:31,2,3.63,64,23580
2015-12-16,601899,10:45:21,2,3.63,142,51546
2015-12-16,601899,10:45:16,2,3.63,118,42834
2015-12-16,601899,10:45:06,1,3.62,367,132868
2015-12-16,601899,10:45:01,1,3.62,416,150592
2015-12-16,601899,10:44:51,2,3.63,16,5808
2015-12-16,601899,10:44:46,2,3.63,108,39204
2015-12-16,601899,10:44:41,2,3.63,10,3978
2015-12-16,601899,10:44:35,2,3.63,4,1452
2015-12-16,601899,10:44:30,2,3.63,45,16349
2015-12-16,601899,10:44:25,1,3.62,208,75296
2015-12-16,601899,10:44:20,2,3.63,24,9060
2015-12-16,601899,10:44:15,2,3.63,144,52272
2015-12-16,601899,10:44:10,1,3.62,102,36924
2015-12-16,601899,10:44:05,1,3.63,27,9815
2015-12-16,601899,10:44:00,2,3.63,188,68244
2015-12-16,601899,10:43:55,2,3.63,36,13068
2015-12-16,601899,10:43:50,2,3.63,92,33744
2015-12-16,601899,10:43:40,2,3.63,53,19253
2015-12-16,601899,10:43:35,1,3.62,70,25340
2015-12-16,601899,10:43:30,1,3.63,20,7608
2015-12-16,601899,10:43:25,2,3.63,265,96209
2015-12-16,601899,10:43:20,2,3.63,206,75126
2015-12-16,601899,10:43:15,2,3.63,98,35574
2015-12-16,601899,10:43:10,1,3.62,99,35852
2015-12-16,601899,10:43:05,1,3.62,28,10136
2015-12-16,601899,10:43:00,2,3.63,76,27588
2015-12-16,601899,10:42:55,1,3.62,73,26759
2015-12-16,601899,10:42:50,2,3.63,539,195671
2015-12-16,601899,10:42:45,2,3.63,18,6534
2015-12-16,601899,10:42:40,2,3.63,65,23609
2015-12-16,601899,10:42:35,1,3.62,65,23863
2015-12-16,601899,10:42:30,2,3.63,457,165905
2015-12-16,601899,10:42:25,2,3.63,86,31566
2015-12-16,601899,10:42:20,2,3.63,213,77333
2015-12-16,601899,10:42:15,2,3.63,14,5082
2015-12-16,601899,10:42:10,2,3.63,260,94380
2015-12-16,601899,10:42:05,2,3.63,87,31595
2015-12-16,601899,10:42:00,2,3.63,24,8712
2015-12-16,601899,10:41:55,2,3.63,16,6156
2015-12-16,601899,10:41:50,1,3.62,796,288499
2015-12-16,601899,10:41:45,2,3.63,235,85319
2015-12-16,601899,10:41:40,2,3.63,1040,377520
2015-12-16,601899,10:41:35,2,3.63,127,46115
2015-12-16,601899,10:41:30,2,3.63,1,696
2015-12-16,601899,10:41:25,1,3.62,99,35852
2015-12-16,601899,10:41:20,1,3.63,1008,365904
2015-12-16,601899,10:41:15,2,3.63,9408,3415278
2015-12-16,601899,10:41:10,2,3.63,34,12342
2015-12-16,601899,10:41:04,1,3.62,242,87604
2015-12-16,601899,10:40:59,1,3.62,141,51230
2015-12-16,601899,10:40:54,1,3.62,40,14480
2015-12-16,601899,10:40:49,1,3.62,25,9064
2015-12-16,601899,10:40:44,1,3.62,8,3243
2015-12-16,601899,10:40:39,2,3.63,136,49368
2015-12-16,601899,10:40:34,1,3.62,31,11236
2015-12-16,601899,10:40:29,1,3.62,0,347
2015-12-16,601899,10:40:24,1,3.62,136,49232
2015-12-16,601899,10:40:19,2,3.63,20,7608
2015-12-16,601899,10:40:14,2,3.63,221,80237
2015-12-16,601899,10:40:09,2,3.63,78,28662
2015-12-16,601899,10:40:04,1,3.62,137,49608
2015-12-16,601899,10:39:59,2,3.63,6,2526
2015-12-16,601899,10:39:54,2,3.63,204,74052
2015-12-16,601899,10:39:49,2,3.63,12,4356
2015-12-16,601899,10:39:44,1,3.62,306,110800
2015-12-16,601899,10:39:39,2,3.63,32,11616
2015-12-16,601899,10:39:34,2,3.63,158,57702
2015-12-16,601899,10:39:29,1,3.62,306,111119
2015-12-16,601899,10:39:24,1,3.62,852,308424
2015-12-16,601899,10:39:19,2,3.63,325,117989
2015-12-16,601899,10:39:14,1,3.62,148,53576
2015-12-16,601899,10:39:09,2,3.63,54,19602
2015-12-16,601899,10:39:04,2,3.63,119,43211
2015-12-16,601899,10:38:59,1,3.62,1012,366691
2015-12-16,601899,10:38:54,1,3.62,1678,607436
2015-12-16,601899,10:38:49,1,3.62,34,12655
2015-12-16,601899,10:38:44,1,3.62,10,3648
2015-12-16,601899,10:38:39,1,3.62,106,38719
2015-12-16,601899,10:38:34,1,3.62,5,1824
2015-12-16,601899,10:38:29,1,3.62,225,81783
2015-12-16,601899,10:38:24,1,3.62,119,43092
2015-12-16,601899,10:38:19,1,3.62,148,53923
2015-12-16,601899,10:38:14,2,3.62,5648,2044590
2015-12-16,601899,10:38:09,1,3.61,668,241148
2015-12-16,601899,10:38:04,2,3.62,202,73124
2015-12-16,601899,10:37:59,1,3.61,138,49818
2015-12-16,601899,10:37:54,2,3.62,101,36562
2015-12-16,601899,10:37:49,1,3.61,167,60287
2015-12-16,601899,10:37:44,1,3.61,564,203604
2015-12-16,601899,10:37:39,2,3.62,195,70590
2015-12-16,601899,10:37:34,2,3.62,323,116926
2015-12-16,601899,10:37:29,1,3.61,429,154869
2015-12-16,601899,10:37:23,2,3.62,139,50318
2015-12-16,601899,10:37:18,1,3.61,42,15162
2015-12-16,601899,10:37:13,2,3.62,752,272224
2015-12-16,601899,10:37:08,2,3.62,15,5430
2015-12-16,601899,10:37:03,1,3.61,461,166421
2015-12-16,601899,10:36:58,2,3.62,74,26788
2015-12-16,601899,10:36:53,2,3.62,405,146610
2015-12-16,601899,10:36:48,2,3.62,268,97016
2015-12-16,601899,10:36:43,2,3.62,713,258106
2015-12-16,601899,10:36:38,1,3.61,96,34656
2015-12-16,601899,10:36:33,2,3.62,420,152040
2015-12-16,601899,10:36:28,2,3.62,331,119822
2015-12-16,601899,10:36:23,2,3.62,357,129234
2015-12-16,601899,10:36:18,2,3.62,82,29684
2015-12-16,601899,10:36:13,1,3.61,43,15523
2015-12-16,601899,10:36:08,2,3.62,345,124890
2015-12-16,601899,10:36:03,2,3.62,596,215752
2015-12-16,601899,10:35:58,2,3.62,571,206702
2015-12-16,601899,10:35:53,2,3.62,371,134302
2015-12-16,601899,10:35:48,1,3.61,170,61370
2015-12-16,601899,10:35:43,2,3.62,645,233490
2015-12-16,601899,10:35:38,1,3.61,172,62092
2015-12-16,601899,10:35:33,1,3.61,79,28519
2015-12-16,601899,10:35:28,2,3.62,401,145162
2015-12-16,601899,10:35:23,1,3.61,419,151259
2015-12-16,601899,10:35:18,1,3.61,376,135736
2015-12-16,601899,10:35:13,1,3.61,377,136097
2015-12-16,601899,10:35:08,1,3.61,116,41876
2015-12-16,601899,10:35:03,2,3.62,203,73486
2015-12-16,601899,10:34:58,1,3.61,27,9747
2015-12-16,601899,10:34:53,2,3.62,508,183896
2015-12-16,601899,10:34:48,1,3.61,562,202882
2015-12-16,601899,10:34:43,2,3.62,109,39458
2015-12-16,601899,10:34:38,1,3.61,198,71478
2015-12-16,601899,10:34:33,1,3.61,138,49818
2015-12-16,601899,10:34:28,2,3.62,349,126338
2015-12-16,601899,10:34:23,2,3.62,33,11946
2015-12-16,601899,10:34:18,1,3.61,519,187359
2015-12-16,601899,10:34:13,2,3.62,533,192946
2015-12-16,601899,10:34:08,2,3.62,148,53576
2015-12-16,601899,10:34:03,2,3.62,83,30046
2015-12-16,601899,10:33:58,2,3.62,30,10860
2015-12-16,601899,10:33:53,1,3.62,462,167244
2015-12-16,601899,10:33:48,2,3.63,806,292578
2015-12-16,601899,10:33:42,1,3.62,2031,735222
2015-12-16,601899,10:33:37,1,3.62,2019,730878
2015-12-16,601899,10:33:32,1,3.62,722,261364
2015-12-16,601899,10:33:27,1,3.62,443,160366
2015-12-16,601899,10:33:22,1,3.62,240,86880
2015-12-16,601899,10:33:17,1,3.62,132,47784
2015-12-16,601899,10:33:12,1,3.62,529,191498
2015-12-16,601899,10:33:07,2,3.63,822,298386
2015-12-16,601899,10:33:02,1,3.62,96,34752
2015-12-16,601899,10:32:57,1,3.62,286,103532
2015-12-16,601899,10:32:52,1,3.62,992,359104
2015-12-16,601899,10:32:47,1,3.62,718,259916
2015-12-16,601899,10:32:42,2,3.63,257,93291
2015-12-16,601899,10:32:37,1,3.62,472,170864
2015-12-16,601899,10:32:32,1,3.62,69,24978
2015-12-16,601899,10:32:27,1,3.62,267,96654
2015-12-16,601899,10:32:22,2,3.63,95,34485
2015-12-16,601899,10:32:17,1,3.62,361,130682
2015-12-16,601899,10:32:12,1,3.62,629,227698
2015-12-16,601899,10:32:07,2,3.63,522,189486
2015-12-16,601899,10:32:02,1,3.62,49,17738
2015-12-16,601899,10:31:57,1,3.62,296,107152
2015-12-16,601899,10:31:52,1,3.62,11,3982
2015-12-16,601899,10:31:47,2,3.63,1084,393492
2015-12-16,601899,10:31:42,1,3.62,183,66246
2015-12-16,601899,10:31:37,2,3.63,356,129228
2015-12-16,601899,10:31:32,1,3.62,404,146248
2015-12-16,601899,10:31:27,1,3.62,176,63712
2015-12-16,601899,10:31:22,1,3.62,61,22082
2015-12-16,601899,10:31:17,2,3.63,417,151371
2015-12-16,601899,10:31:07,2,3.63,31,11253
2015-12-16,601899,10:31:02,1,3.63,331,120341
2015-12-16,601899,10:30:52,1,3.63,136,49716
2015-12-16,601899,10:30:47,1,3.63,1111,403307
2015-12-16,601899,10:30:42,1,3.63,1958,710754
2015-12-16,601899,10:30:37,1,3.63,842,305994
2015-12-16,601899,10:30:27,2,3.64,53,19306
2015-12-16,601899,10:30:22,1,3.63,274,99462
2015-12-16,601899,10:30:12,2,3.64,84,30576
2015-12-16,601899,10:30:06,1,3.63,178,64962
2015-12-16,601899,10:29:56,2,3.64,189,68810
2015-12-16,601899,10:29:51,1,3.63,260,94728
2015-12-16,601899,10:29:46,1,3.63,268,97284
2015-12-16,601899,10:29:41,1,3.63,345,125249
2015-12-16,601899,10:29:36,1,3.63,42,15246
2015-12-16,601899,10:29:31,1,3.63,1024,371712
2015-12-16,601899,10:29:26,1,3.63,642,233394
2015-12-16,601899,10:29:21,1,3.63,665,241409
2015-12-16,601899,10:29:16,1,3.63,76,27588
2015-12-16,601899,10:29:11,2,3.64,560,204189
2015-12-16,601899,10:29:06,1,3.63,197,71525
2015-12-16,601899,10:29:01,2,3.64,1430,520520
2015-12-16,601899,10:28:56,1,3.63,278,101262
2015-12-16,601899,10:28:51,1,3.63,42,15246
2015-12-16,601899,10:28:46,1,3.63,147,53375
2015-12-16,601899,10:28:41,1,3.63,448,162624
2015-12-16,601899,10:28:36,2,3.64,784,285376
2015-12-16,601899,10:28:31,1,3.63,218,79482
2015-12-16,601899,10:28:26,2,3.64,206,74984
2015-12-16,601899,10:28:21,2,3.64,223,81186
2015-12-16,601899,10:28:16,2,3.64,222,81157
2015-12-16,601899,10:28:11,2,3.64,60,21840
2015-12-16,601899,10:28:01,2,3.64,785,285754
2015-12-16,601899,10:27:56,2,3.64,74,27285
2015-12-16,601899,10:27:51,2,3.64,183,66626
2015-12-16,601899,10:27:46,2,3.64,28,10541
2015-12-16,601899,10:27:41,2,3.64,279,101570
2015-12-16,601899,10:27:36,2,3.64,62,22568
2015-12-16,601899,10:27:31,2,3.64,438,159781
2015-12-16,601899,10:27:26,2,3.64,42,15288
2015-12-16,601899,10:27:21,1,3.63,33,11993
2015-12-16,601899,10:27:16,2,3.64,144,52416
2015-12-16,601899,10:27:11,1,3.63,90,33018
2015-12-16,601899,10:27:06,2,3.64,121,44058
2015-12-16,601899,10:27:01,2,3.64,18,6901
2015-12-16,601899,10:26:56,2,3.64,681,247898
2015-12-16,601899,10:26:51,1,3.63,204,74052
2015-12-16,601899,10:26:46,1,3.63,168,61332
2015-12-16,601899,10:26:41,1,3.63,344,124872
2015-12-16,601899,10:26:36,1,3.63,633,229793
2015-12-16,601899,10:26:31,1,3.63,110,39930
2015-12-16,601899,10:26:25,1,3.63,96,35196
2015-12-16,601899,10:26:20,1,3.63,169,61361
2015-12-16,601899,10:26:15,1,3.63,352,128124
2015-12-16,601899,10:26:10,2,3.64,480,174720
2015-12-16,601899,10:26:05,1,3.63,296,107448
2015-12-16,601899,10:26:00,1,3.63,1314,476982
2015-12-16,601899,10:25:55,1,3.63,161,58457
2015-12-16,601899,10:25:50,1,3.63,528,191664
2015-12-16,601899,10:25:45,1,3.63,140,51168
2015-12-16,601899,10:25:40,1,3.63,32,11616
2015-12-16,601899,10:25:35,2,3.64,279,101570
2015-12-16,601899,10:25:30,1,3.63,340,123768
2015-12-16,601899,10:25:25,2,3.64,612,222768
2015-12-16,601899,10:25:20,1,3.63,239,86771
2015-12-16,601899,10:25:15,1,3.63,964,350280
2015-12-16,601899,10:25:10,2,3.64,4179,1521170
2015-12-16,601899,10:25:05,1,3.63,172,62784
2015-12-16,601899,10:25:00,1,3.63,361,131057
2015-12-16,601899,10:24:55,2,3.64,94,34565
2015-12-16,601899,10:24:50,2,3.64,326,118664
2015-12-16,601899,10:24:45,2,3.64,66,24024
2015-12-16,601899,10:24:40,1,3.63,59,21431
2015-12-16,601899,10:24:35,2,3.64,78,28741
2015-12-16,601899,10:24:30,2,3.64,34,12376
2015-12-16,601899,10:24:25,1,3.64,587,213813
2015-12-16,601899,10:24:20,1,3.64,3616,1316224
2015-12-16,601899,10:24:15,1,3.64,3093,1125852
2015-12-16,601899,10:24:10,1,3.64,784,285376
2015-12-16,601899,10:24:05,1,3.64,667,242788
2015-12-16,601899,10:24:00,1,3.64,2178,792792
2015-12-16,601899,10:23:55,2,3.65,1080,394200
2015-12-16,601899,10:23:50,1,3.64,340,123760
2015-12-16,601899,10:23:45,1,3.64,280,101920
2015-12-16,601899,10:23:40,1,3.64,587,213668
2015-12-16,601899,10:23:35,1,3.64,1681,611884
2015-12-16,601899,10:23:30,2,3.65,491,179215
2015-12-16,601899,10:23:25,1,3.64,131,47684
2015-12-16,601899,10:23:20,2,3.65,740,270100
2015-12-16,601899,10:23:15,2,3.65,61,22265
2015-12-16,601899,10:23:10,2,3.65,688,251120
2015-12-16,601899,10:23:05,2,3.65,641,233965
2015-12-16,601899,10:23:00,2,3.65,970,354050
2015-12-16,601899,10:22:55,2,3.65,195,71175
2015-12-16,601899,10:22:49,2,3.65,247,90155
2015-12-16,601899,10:22:44,1,3.64,1136,413504
2015-12-16,601899,10:22:39,1,3.64,193,70252
2015-12-16,601899,10:22:34,2,3.65,357,130305
2015-12-16,601899,10:22:29,2,3.65,228,83220
2015-12-16,601899,10:22:24,2,3.65,398,145270
2015-12-16,601899,10:22:19,2,3.65,477,174105
2015-12-16,601899,10:22:14,1,3.64,522,190008
2015-12-16,601899,10:22:09,1,3.64,709,258265
2015-12-16,601899,10:22:04,1,3.64,76,27664
2015-12-16,601899,10:21:59,2,3.65,109,39785
2015-12-16,601899,10:21:54,1,3.64,549,199836
2015-12-16,601899,10:21:49,2,3.65,139,50735
2015-12-16,601899,10:21:44,2,3.65,398,145270
2015-12-16,601899,10:21:39,2,3.65,566,206590
2015-12-16,601899,10:21:34,2,3.65,196,71540
2015-12-16,601899,10:21:29,2,3.65,278,101470
2015-12-16,601899,10:21:24,2,3.65,284,103660
2015-12-16,601899,10:21:19,2,3.65,165,60225
2015-12-16,601899,10:21:14,1,3.64,556,202384
2015-12-16,601899,10:21:09,2,3.65,49,17885
2015-12-16,601899,10:21:04,2,3.65,167,60955
2015-12-16,601899,10:20:59,2,3.65,123,44895
2015-12-16,601899,10:20:54,2,3.65,671,244915
2015-12-16,601899,10:20:49,2,3.65,162,59130
2015-12-16,601899,10:20:44,2,3.65,166,60590
2015-12-16,601899,10:20:39,2,3.65,155,56575
2015-12-16,601899,10:20:34,2,3.65,192,70080
2015-12-16,601899,10:20:29,1,3.64,380,138320
2015-12-16,601899,10:20:24,2,3.65,374,136510
2015-12-16,601899,10:20:19,2,3.65,247,90155
2015-12-16,601899,10:20:14,1,3.64,704,256256
2015-12-16,601899,10:20:09,2,3.65,222,81030
2015-12-16,601899,10:20:04,1,3.64,233,84812
2015-12-16,601899,10:19:59,2,3.65,583,212795
2015-12-16,601899,10:19:54,2,3.65,720,262800
2015-12-16,601899,10:19:49,2,3.65,293,106945
2015-12-16,601899,10:19:44,1,3.64,422,153608
2015-12-16,601899,10:19:39,2,3.65,543,198195
2015-12-16,601899,10:19:34,2,3.65,793,289445
2015-12-16,601899,10:19:29,2,3.65,711,259515
2015-12-16,601899,10:19:24,2,3.65,847,309155
2015-12-16,601899,10:19:19,2,3.65,324,118260
2015-12-16,601899,10:19:14,2,3.65,286,104390
2015-12-16,601899,10:19:09,2,3.65,157,57305
2015-12-16,601899,10:19:03,2,3.65,334,121910
2015-12-16,601899,10:18:58,2,3.65,573,209145
2015-12-16,601899,10:18:53,2,3.65,166,60590
2015-12-16,601899,10:18:48,1,3.65,1518,554070
2015-12-16,601899,10:18:43,1,3.65,757,276305
2015-12-16,601899,10:18:38,1,3.65,63,22995
2015-12-16,601899,10:18:38,1,3.65,1620,591300
2015-12-16,601899,10:18:28,1,3.65,470,171550
2015-12-16,601899,10:18:23,1,3.65,1092,398580
2015-12-16,601899,10:18:18,2,3.66,852,311832
2015-12-16,601899,10:18:13,2,3.66,376,137616
2015-12-16,601899,10:18:08,2,3.66,380,139080
2015-12-16,601899,10:18:03,2,3.66,576,210816
2015-12-16,601899,10:17:58,1,3.66,2561,937326
2015-12-16,601899,10:17:53,1,3.66,3317,1214022
2015-12-16,601899,10:17:48,2,3.67,912,334704
2015-12-16,601899,10:17:43,1,3.66,10328,3780048
2015-12-16,601899,10:17:38,1,3.66,914,334524
2015-12-16,601899,10:17:33,2,3.67,1082,397094
2015-12-16,601899,10:17:27,2,3.67,691,253597
2015-12-16,601899,10:17:22,2,3.67,456,167352
2015-12-16,601899,10:17:17,1,3.66,1487,544242
2015-12-16,601899,10:17:12,2,3.67,1822,668674
2015-12-16,601899,10:17:07,2,3.67,1368,502056
2015-12-16,601899,10:17:02,2,3.67,633,232311
2015-12-16,601899,10:16:57,2,3.67,5882,2158694
2015-12-16,601899,10:16:52,2,3.67,830,304610
2015-12-16,601899,10:16:47,1,3.66,1926,704916
2015-12-16,601899,10:16:42,1,3.66,940,344040
2015-12-16,601899,10:16:37,2,3.67,205,75235
2015-12-16,601899,10:16:32,1,3.66,742,271572
2015-12-16,601899,10:16:27,2,3.66,8346,3054636
2015-12-16,601899,10:16:22,2,3.66,18943,6933138
2015-12-16,601899,10:16:17,1,3.65,992,362080
2015-12-16,601899,10:16:12,2,3.66,1107,405162
2015-12-16,601899,10:16:07,2,3.66,520,190320
2015-12-16,601899,10:16:02,2,3.66,1011,370026
2015-12-16,601899,10:15:57,2,3.66,959,350994
2015-12-16,601899,10:15:52,2,3.66,601,219966
2015-12-16,601899,10:15:47,1,3.65,1157,422305
2015-12-16,601899,10:15:42,1,3.65,788,287620
2015-12-16,601899,10:15:37,2,3.65,21193,7735445
2015-12-16,601899,10:15:32,1,3.64,274,99736
2015-12-16,601899,10:15:27,1,3.64,366,133253
2015-12-16,601899,10:15:22,1,3.64,269,97916
2015-12-16,601899,10:15:17,2,3.65,565,206225
2015-12-16,601899,10:15:12,1,3.64,253,92092
2015-12-16,601899,10:15:07,2,3.64,680,247534
2015-12-16,601899,10:15:02,2,3.64,9140,3327309
2015-12-16,601899,10:14:57,1,3.63,235,85319
2015-12-16,601899,10:14:52,1,3.63,750,272598
2015-12-16,601899,10:14:47,2,3.64,683,248626
2015-12-16,601899,10:14:42,2,3.64,208,75712
2015-12-16,601899,10:14:37,1,3.63,452,164424
2015-12-16,601899,10:14:32,1,3.63,47,17075
2015-12-16,601899,10:14:27,2,3.64,264,96445
2015-12-16,601899,10:14:22,1,3.63,63,22883
2015-12-16,601899,10:14:17,2,3.64,714,259896
2015-12-16,601899,10:14:12,2,3.64,598,217672
2015-12-16,601899,10:14:07,1,3.63,974,353562
2015-12-16,601899,10:14:02,2,3.64,180,65520
2015-12-16,601899,10:13:57,2,3.64,146,53493
2015-12-16,601899,10:13:52,1,3.63,176,63888
2015-12-16,601899,10:13:47,1,3.63,46,16698
2015-12-16,601899,10:13:42,2,3.64,788,286832
2015-12-16,601899,10:13:37,1,3.63,259,94031
2015-12-16,601899,10:13:32,1,3.63,202,73326
2015-12-16,601899,10:13:27,2,3.64,534,194725
2015-12-16,601899,10:13:22,1,3.63,275,99839
2015-12-16,601899,10:13:17,2,3.64,294,107365
2015-12-16,601899,10:13:12,1,3.63,90,32670
2015-12-16,601899,10:13:07,1,3.63,388,140844
2015-12-16,601899,10:12:57,1,3.63,486,176418
2015-12-16,601899,10:12:52,1,3.63,538,195294
2015-12-16,601899,10:12:42,1,3.63,708,257004
2015-12-16,601899,10:12:37,1,3.63,140,50820
2015-12-16,601899,10:12:32,1,3.63,553,200753
2015-12-16,601899,10:12:27,1,3.63,438,159342
2015-12-16,601899,10:12:22,2,3.64,548,199472
2015-12-16,601899,10:12:17,1,3.63,609,221081
2015-12-16,601899,10:12:12,2,3.64,842,306488
2015-12-16,601899,10:12:07,2,3.64,914,333045
2015-12-16,601899,10:11:57,1,3.64,1123,408961
2015-12-16,601899,10:11:46,1,3.64,1226,446264
2015-12-16,601899,10:11:41,1,3.64,2612,950768
2015-12-16,601899,10:11:36,1,3.64,876,318864
2015-12-16,601899,10:11:31,2,3.65,874,319010
2015-12-16,601899,10:11:26,1,3.64,2322,845208
2015-12-16,601899,10:11:21,1,3.64,520,189280
2015-12-16,601899,10:11:16,2,3.65,1553,566845
2015-12-16,601899,10:11:11,2,3.65,1312,478880
2015-12-16,601899,10:11:01,2,3.65,2276,830740
2015-12-16,601899,10:10:51,1,3.64,609,221676
2015-12-16,601899,10:10:46,2,3.65,1122,409530
2015-12-16,601899,10:10:41,2,3.65,582,212430
2015-12-16,601899,10:10:36,1,3.65,1260,459900
2015-12-16,601899,10:10:31,1,3.65,1433,523045
2015-12-16,601899,10:10:26,2,3.66,1794,656794
2015-12-16,601899,10:10:21,2,3.65,14228,5193220
2015-12-16,601899,10:10:16,2,3.65,626,228840
2015-12-16,601899,10:10:11,2,3.65,2356,859940
2015-12-16,601899,10:10:06,2,3.65,982,358430
2015-12-16,601899,10:10:01,2,3.65,1246,454790
2015-12-16,601899,10:09:56,2,3.65,268,97820
2015-12-16,601899,10:09:51,2,3.65,734,267910
2015-12-16,601899,10:09:46,2,3.65,760,277400
2015-12-16,601899,10:09:41,1,3.64,1052,382928
2015-12-16,601899,10:09:36,1,3.64,270,98280
2015-12-16,601899,10:09:31,1,3.64,1586,577304
2015-12-16,601899,10:09:26,2,3.65,224,81760
2015-12-16,601899,10:09:21,1,3.64,484,176176
2015-12-16,601899,10:09:16,1,3.64,775,282114
2015-12-16,601899,10:09:11,1,3.64,2254,820805
2015-12-16,601899,10:09:06,2,3.65,1709,623799
2015-12-16,601899,10:09:01,2,3.65,3272,1194280
2015-12-16,601899,10:08:56,1,3.64,782,284997
2015-12-16,601899,10:08:51,1,3.64,935,340354
2015-12-16,601899,10:08:46,1,3.64,1394,507416
2015-12-16,601899,10:08:41,2,3.65,1338,488370
2015-12-16,601899,10:08:36,2,3.64,1656,602784
2015-12-16,601899,10:08:31,2,3.64,3128,1138592
2015-12-16,601899,10:08:26,2,3.64,2919,1062690
2015-12-16,601899,10:08:21,1,3.64,663,241332
2015-12-16,601899,10:08:16,2,3.65,1204,439460
2015-12-16,601899,10:08:10,2,3.64,1419,516516
2015-12-16,601899,10:08:05,1,3.64,922,335608
2015-12-16,601899,10:08:00,2,3.64,1596,580944
2015-12-16,601899,10:07:55,1,3.64,1187,432242
2015-12-16,601899,10:07:50,1,3.64,2543,925666
2015-12-16,601899,10:07:45,1,3.64,804,293005
2015-12-16,601899,10:07:40,2,3.64,12524,4558736
2015-12-16,601899,10:07:35,2,3.64,1185,431354
2015-12-16,601899,10:07:30,1,3.63,372,135384
2015-12-16,601899,10:07:25,2,3.64,1303,474306
2015-12-16,601899,10:07:20,2,3.64,332,120848
2015-12-16,601899,10:07:15,2,3.64,526,191464
2015-12-16,601899,10:07:10,2,3.64,2278,829541
2015-12-16,601899,10:07:05,1,3.63,439,159371
2015-12-16,601899,10:07:00,2,3.64,264,96445
2015-12-16,601899,10:06:55,2,3.64,490,178360
2015-12-16,601899,10:06:50,2,3.64,478,173992
2015-12-16,601899,10:06:45,2,3.64,3406,1239784
2015-12-16,601899,10:06:40,1,3.63,613,222533
2015-12-16,601899,10:06:35,2,3.64,1064,387296
2015-12-16,601899,10:06:30,2,3.64,882,321397
2015-12-16,601899,10:06:25,2,3.64,2801,1019578
2015-12-16,601899,10:06:20,1,3.63,884,321240
2015-12-16,601899,10:06:15,1,3.63,433,157193
2015-12-16,601899,10:06:10,2,3.64,1242,452088
2015-12-16,601899,10:06:05,2,3.64,850,309749
2015-12-16,601899,10:06:00,1,3.63,829,300941
2015-12-16,601899,10:05:55,2,3.63,1037,376605
2015-12-16,601899,10:05:50,2,3.63,823,298749
2015-12-16,601899,10:05:45,2,3.63,142,51546
2015-12-16,601899,10:05:40,2,3.63,5360,1945680
2015-12-16,601899,10:05:35,2,3.63,736,267168
2015-12-16,601899,10:05:30,1,3.62,437,158194
2015-12-16,601899,10:05:25,1,3.62,1707,617934
2015-12-16,601899,10:05:20,2,3.63,1293,469359
2015-12-16,601899,10:05:15,2,3.63,598,217074
2015-12-16,601899,10:05:10,1,3.62,941,340642
2015-12-16,601899,10:05:05,2,3.63,3578,1298814
2015-12-16,601899,10:05:00,2,3.63,596,216348
2015-12-16,601899,10:04:55,2,3.63,888,322344
2015-12-16,601899,10:04:50,2,3.63,836,303468
2015-12-16,601899,10:04:45,1,3.62,371,134302
2015-12-16,601899,10:04:40,1,3.62,489,177018
2015-12-16,601899,10:04:34,2,3.63,1338,485694
2015-12-16,601899,10:04:29,1,3.62,781,282765
2015-12-16,601899,10:04:24,1,3.62,1143,413766
2015-12-16,601899,10:04:19,1,3.62,1199,434038
2015-12-16,601899,10:04:14,1,3.62,560,202720
2015-12-16,601899,10:04:09,1,3.62,1519,549878
2015-12-16,601899,10:04:04,2,3.63,703,255189
2015-12-16,601899,10:03:59,1,3.62,1818,658116
2015-12-16,601899,10:03:54,1,3.62,362,131044
2015-12-16,601899,10:03:49,1,3.62,1547,560014
2015-12-16,601899,10:03:44,2,3.63,1479,536877
2015-12-16,601899,10:03:39,1,3.62,3576,1294512
2015-12-16,601899,10:03:34,1,3.62,554,200548
2015-12-16,601899,10:03:29,2,3.63,1095,397485
2015-12-16,601899,10:03:24,1,3.62,2303,833686
2015-12-16,601899,10:03:19,2,3.63,1877,681351
2015-12-16,601899,10:03:14,1,3.62,2447,885814
2015-12-16,601899,10:03:09,1,3.62,613,221906
2015-12-16,601899,10:03:04,1,3.62,1238,448156
2015-12-16,601899,10:02:59,1,3.62,319,115478
2015-12-16,601899,10:02:54,1,3.62,460,166520
2015-12-16,601899,10:02:49,1,3.62,473,171226
2015-12-16,601899,10:02:44,2,3.62,8025,2905368
2015-12-16,601899,10:02:39,2,3.62,447,161814
2015-12-16,601899,10:02:34,2,3.62,312,112944
2015-12-16,601899,10:02:29,1,3.61,1549,559189
2015-12-16,601899,10:02:18,2,3.62,1124,406888
2015-12-16,601899,10:02:08,2,3.62,1131,409422
2015-12-16,601899,10:02:03,1,3.61,969,349809
2015-12-16,601899,10:01:53,2,3.62,339,122718
2015-12-16,601899,10:01:48,1,3.61,1399,505039
2015-12-16,601899,10:01:43,1,3.61,1336,482476
2015-12-16,601899,10:01:33,2,3.62,714,258468
2015-12-16,601899,10:01:28,1,3.61,2188,789868
2015-12-16,601899,10:01:18,1,3.61,2035,734635
2015-12-16,601899,10:01:13,2,3.62,6279,2272998
2015-12-16,601899,10:01:03,1,3.61,8647,3121567
2015-12-16,601899,10:00:58,1,3.61,2395,864595
2015-12-16,601899,10:00:48,2,3.62,851,308062
2015-12-16,601899,10:00:43,1,3.62,5754,2083172
2015-12-16,601899,10:00:33,1,3.62,1153,417386
2015-12-16,601899,10:00:28,2,3.63,7507,2725041
2015-12-16,601899,10:00:13,2,3.63,4096,1486906
2015-12-16,601899,10:00:08,2,3.63,3054,1108602
2015-12-16,601899,09:59:58,1,3.63,7580,2751859
2015-12-16,601899,09:59:43,1,3.63,3702,1343826
2015-12-16,601899,09:59:38,2,3.63,8396,3047791
2015-12-16,601899,09:59:28,2,3.63,3485,1265055
2015-12-16,601899,09:59:23,2,3.63,2453,890439
2015-12-16,601899,09:59:13,2,3.63,629,228327
2015-12-16,601899,09:59:08,2,3.62,5308,1921575
2015-12-16,601899,09:58:58,2,3.62,3762,1361844
2015-12-16,601899,09:58:53,2,3.62,5065,1833711
2015-12-16,601899,09:58:43,2,3.61,1019,367859
2015-12-16,601899,09:58:38,2,3.61,11757,4244277
2015-12-16,601899,09:58:23,2,3.6,14896,5362909
2015-12-16,601899,09:58:08,2,3.59,3170,1138030
2015-12-16,601899,09:58:03,2,3.59,1992,715128
2015-12-16,601899,09:57:53,1,3.58,1138,407404
2015-12-16,601899,09:57:48,1,3.58,463,165754
2015-12-16,601899,09:57:38,1,3.58,42,15036
2015-12-16,601899,09:57:33,1,3.58,1814,649412
2015-12-16,601899,09:57:23,1,3.58,116,41528
2015-12-16,601899,09:57:18,2,3.58,6157,2204270
2015-12-16,601899,09:57:08,1,3.57,10227,3651039
2015-12-16,601899,09:57:03,1,3.57,1314,469098
2015-12-16,601899,09:56:48,1,3.57,194,69258
2015-12-16,601899,09:56:43,1,3.57,995,355215
2015-12-16,601899,09:56:33,2,3.58,131,46898
2015-12-16,601899,09:56:28,1,3.57,309,110313
2015-12-16,601899,09:56:18,2,3.58,157,56206
2015-12-16,601899,09:56:13,1,3.57,710,253470
2015-12-16,601899,09:56:03,1,3.57,54,19278
2015-12-16,601899,09:55:58,2,3.58,2137,765046
2015-12-16,601899,09:55:48,2,3.58,819,293202
2015-12-16,601899,09:55:43,1,3.57,2019,720783
2015-12-16,601899,09:55:28,2,3.58,120,42960
2015-12-16,601899,09:55:23,1,3.57,359,128163
2015-12-16,601899,09:55:13,2,3.58,44,15752
2015-12-16,601899,09:55:08,1,3.57,692,247044
2015-12-16,601899,09:54:58,2,3.58,4,1432
2015-12-16,601899,09:54:53,2,3.58,729,260982
2015-12-16,601899,09:54:43,1,3.57,791,282387
2015-12-16,601899,09:54:38,2,3.58,122,43676
2015-12-16,601899,09:54:28,1,3.57,311,111027
2015-12-16,601899,09:54:23,1,3.57,437,156009
2015-12-16,601899,09:54:13,1,3.57,362,129234
2015-12-16,601899,09:54:08,2,3.58,604,216232
2015-12-16,601899,09:53:48,2,3.58,429,153582
2015-12-16,601899,09:53:38,1,3.57,488,174216
2015-12-16,601899,09:53:28,1,3.57,103,36771
2015-12-16,601899,09:53:18,2,3.58,49,17542
2015-12-16,601899,09:53:13,2,3.58,59,21122
2015-12-16,601899,09:53:08,2,3.58,137,49046
2015-12-16,601899,09:52:58,2,3.58,87,31146
2015-12-16,601899,09:52:48,2,3.58,359,128522
2015-12-16,601899,09:52:43,2,3.58,596,213368
2015-12-16,601899,09:52:33,1,3.57,141,50337
2015-12-16,601899,09:52:28,2,3.58,133,47614
2015-12-16,601899,09:52:18,1,3.57,65,23205
2015-12-16,601899,09:52:13,1,3.57,360,128520
2015-12-16,601899,09:51:58,2,3.58,284,101672
2015-12-16,601899,09:51:53,1,3.57,134,47838
2015-12-16,601899,09:51:43,1,3.57,347,123879
2015-12-16,601899,09:51:38,1,3.57,270,96390
2015-12-16,601899,09:51:28,1,3.57,28,9996
2015-12-16,601899,09:51:23,1,3.57,471,168147
2015-12-16,601899,09:51:13,2,3.57,1885,673041
2015-12-16,601899,09:51:08,2,3.57,753,268821
2015-12-16,601899,09:50:52,2,3.57,1408,502656
2015-12-16,601899,09:50:37,1,3.56,111,39516
2015-12-16,601899,09:50:32,2,3.57,278,99246
2015-12-16,601899,09:50:22,2,3.57,363,129591
2015-12-16,601899,09:50:17,2,3.57,329,117453
2015-12-16,601899,09:50:07,1,3.56,274,97544
2015-12-16,601899,09:50:02,1,3.56,891,317196
2015-12-16,601899,09:49:52,1,3.56,2363,841228
2015-12-16,601899,09:49:47,1,3.56,170,60520
2015-12-16,601899,09:49:37,2,3.57,171,61047
2015-12-16,601899,09:49:32,2,3.57,757,270249
2015-12-16,601899,09:49:17,2,3.57,1047,373968
2015-12-16,601899,09:49:02,1,3.56,596,212176
2015-12-16,601899,09:48:47,1,3.56,373,132788
2015-12-16,601899,09:48:42,2,3.57,423,151011
2015-12-16,601899,09:48:32,1,3.56,206,73336
2015-12-16,601899,09:48:27,1,3.56,1022,363832
2015-12-16,601899,09:48:17,2,3.57,187,66759
2015-12-16,601899,09:48:12,2,3.57,412,147084
2015-12-16,601899,09:47:57,1,3.57,4212,1503684
2015-12-16,601899,09:47:47,2,3.58,524,187592
2015-12-16,601899,09:47:42,2,3.58,1073,384134
2015-12-16,601899,09:47:37,1,3.57,266,94962
2015-12-16,601899,09:47:27,2,3.58,84,30072
2015-12-16,601899,09:47:22,2,3.58,1025,366950
2015-12-16,601899,09:47:12,2,3.58,168,60144
2015-12-16,601899,09:47:07,1,3.57,210,74970
2015-12-16,601899,09:46:57,1,3.57,623,222411
2015-12-16,601899,09:46:42,2,3.58,393,140694
2015-12-16,601899,09:46:37,2,3.58,765,273870
2015-12-16,601899,09:46:27,2,3.58,146,52268
2015-12-16,601899,09:46:22,2,3.58,863,308954
2015-12-16,601899,09:46:07,2,3.58,577,206566
2015-12-16,601899,09:45:57,1,3.58,2790,998934
2015-12-16,601899,09:45:52,2,3.59,1102,395618
2015-12-16,601899,09:45:37,2,3.59,441,158319
2015-12-16,601899,09:45:22,2,3.59,1090,391310
2015-12-16,601899,09:45:07,1,3.58,94,33652
2015-12-16,601899,09:45:02,2,3.59,477,171243
2015-12-16,601899,09:44:52,1,3.58,1245,445710
2015-12-16,601899,09:44:47,2,3.59,349,125291
2015-12-16,601899,09:44:37,1,3.58,139,49762
2015-12-16,601899,09:44:27,2,3.59,146,52414
2015-12-16,601899,09:44:22,2,3.59,951,341409
2015-12-16,601899,09:44:12,2,3.59,1014,364026
2015-12-16,601899,09:43:57,1,3.58,544,194752
2015-12-16,601899,09:43:47,1,3.58,1002,358716
2015-12-16,601899,09:43:37,1,3.58,598,214084
2015-12-16,601899,09:43:27,1,3.58,69,24945
2015-12-16,601899,09:43:22,1,3.58,806,288548
2015-12-16,601899,09:43:12,1,3.58,105,37590
2015-12-16,601899,09:43:07,2,3.58,1245,445710
2015-12-16,601899,09:42:57,2,3.58,2316,829128
2015-12-16,601899,09:42:52,1,3.57,576,205632
2015-12-16,601899,09:42:42,2,3.58,462,165396
2015-12-16,601899,09:42:37,1,3.57,89,31773
2015-12-16,601899,09:42:27,1,3.57,585,208845
2015-12-16,601899,09:42:22,1,3.57,1674,597618
2015-12-16,601899,09:42:07,2,3.58,197,70526
2015-12-16,601899,09:42:02,2,3.58,972,347976
2015-12-16,601899,09:41:52,1,3.57,115,41055
2015-12-16,601899,09:41:47,1,3.57,322,114954
2015-12-16,601899,09:41:37,1,3.57,122,43554
2015-12-16,601899,09:41:32,2,3.58,388,138904
2015-12-16,601899,09:41:22,1,3.57,355,126735
2015-12-16,601899,09:41:17,1,3.57,1261,450177
2015-12-16,601899,09:41:02,2,3.57,2316,827094
2015-12-16,601899,09:40:47,2,3.57,1463,522291
2015-12-16,601899,09:40:42,1,3.56,278,98968
2015-12-16,601899,09:40:32,2,3.57,134,47838
2015-12-16,601899,09:40:27,1,3.56,885,315060
2015-12-16,601899,09:40:17,2,3.57,157,56049
2015-12-16,601899,09:40:12,1,3.56,324,115344
2015-12-16,601899,09:40:02,2,3.57,760,271320
2015-12-16,601899,09:39:57,1,3.56,368,131008
2015-12-16,601899,09:39:47,2,3.57,7406,2643942
2015-12-16,601899,09:39:42,2,3.57,895,319515
2015-12-16,601899,09:39:32,2,3.57,171,61047
2015-12-16,601899,09:39:27,1,3.56,230,81880
2015-12-16,601899,09:39:17,2,3.57,226,80682
2015-12-16,601899,09:39:12,2,3.57,1160,414120
2015-12-16,601899,09:38:57,1,3.57,9444,3371508
2015-12-16,601899,09:38:42,2,3.58,681,243798
2015-12-16,601899,09:38:27,1,3.57,111,39627
2015-12-16,601899,09:38:22,1,3.57,82,29274
2015-12-16,601899,09:38:12,2,3.58,89,31862
2015-12-16,601899,09:38:07,1,3.57,464,165648
2015-12-16,601899,09:37:57,2,3.58,244,87352
2015-12-16,601899,09:37:52,2,3.58,184,65872
2015-12-16,601899,09:37:42,1,3.57,50,17850
2015-12-16,601899,09:37:37,2,3.58,764,273512
2015-12-16,601899,09:37:26,2,3.58,65,23270
2015-12-16,601899,09:37:21,2,3.58,286,102388
2015-12-16,601899,09:37:11,1,3.57,173,61761
2015-12-16,601899,09:37:06,2,3.58,332,118856
2015-12-16,601899,09:36:56,2,3.58,165,59070
2015-12-16,601899,09:36:51,2,3.58,1354,484732
2015-12-16,601899,09:36:36,2,3.58,355,127090
2015-12-16,601899,09:36:31,2,3.58,391,139978
2015-12-16,601899,09:36:21,1,3.57,322,114954
2015-12-16,601899,09:36:16,2,3.58,1271,455018
2015-12-16,601899,09:36:06,2,3.58,682,244156
2015-12-16,601899,09:36:01,2,3.58,2180,780440
2015-12-16,601899,09:35:51,2,3.58,112,40096
2015-12-16,601899,09:35:46,1,3.57,694,247758
2015-12-16,601899,09:35:36,2,3.58,178,63724
2015-12-16,601899,09:35:31,2,3.58,472,168976
2015-12-16,601899,09:35:21,2,3.58,208,74464
2015-12-16,601899,09:35:16,2,3.58,425,152150
2015-12-16,601899,09:35:01,1,3.58,100,35800
2015-12-16,601899,09:34:51,1,3.58,1348,482584
2015-12-16,601899,09:34:46,1,3.58,948,339384
2015-12-16,601899,09:34:31,2,3.58,2392,856350
2015-12-16,601899,09:34:16,1,3.57,182,64974
2015-12-16,601899,09:34:11,2,3.58,455,162890
2015-12-16,601899,09:33:56,2,3.58,334,119572
2015-12-16,601899,09:33:41,2,3.58,133,47614
2015-12-16,601899,09:33:36,1,3.57,354,126485
2015-12-16,601899,09:33:21,2,3.58,365,130670
2015-12-16,601899,09:33:11,2,3.58,2961,1060038
2015-12-16,601899,09:33:06,2,3.58,160,57280
2015-12-16,601899,09:32:56,2,3.58,46,16468
2015-12-16,601899,09:32:51,2,3.58,391,139978
2015-12-16,601899,09:32:46,2,3.58,851,304658
2015-12-16,601899,09:32:41,2,3.58,502,179716
2015-12-16,601899,09:32:36,1,3.57,951,339507
2015-12-16,601899,09:32:31,1,3.57,338,120666
2015-12-16,601899,09:32:21,1,3.57,284,101388
2015-12-16,601899,09:32:16,1,3.57,260,92820
2015-12-16,601899,09:32:06,2,3.58,160,57280
2015-12-16,601899,09:32:01,2,3.58,360,128880
2015-12-16,601899,09:31:46,2,3.58,739,264562
2015-12-16,601899,09:31:31,1,3.58,1787,639746
2015-12-16,601899,09:31:16,2,3.59,173,62107
2015-12-16,601899,09:31:11,2,3.59,338,121342
2015-12-16,601899,09:31:01,2,3.59,562,201758
2015-12-16,601899,09:30:56,1,3.58,429,153582
2015-12-16,601899,09:30:46,1,3.58,123,44034
2015-12-16,601899,09:30:41,2,3.59,347,124573
2015-12-16,601899,09:30:31,2,3.59,448,160832
2015-12-16,601899,09:30:26,2,3.59,787,282533
2015-12-16,601899,09:30:16,2,3.59,36,12924
2015-12-16,601899,09:30:11,2,3.59,692,248428
2015-12-16,601899,09:30:06,1,3.58,7218,2584044
2015-12-16,601899,09:25:16,2,3.58,2005,717790
2015-12-15,601899,15:00:01,2,3.57,208,74598
2015-12-15,601899,14:59:56,2,3.57,422,150682
2015-12-15,601899,14:59:51,1,3.56,605,215707
2015-12-15,601899,14:59:46,1,3.56,375,133514
2015-12-15,601899,14:59:41,2,3.57,974,347746
2015-12-15,601899,14:59:36,2,3.57,1194,426572
2015-12-15,601899,14:59:31,2,3.57,495,176729
2015-12-15,601899,14:59:26,2,3.57,982,350602
2015-12-15,601899,14:59:21,2,3.57,418,149540
2015-12-15,601899,14:59:16,2,3.57,972,347004
2015-12-15,601899,14:59:11,1,3.56,216,76896
2015-12-15,601899,14:59:06,2,3.57,295,105329
2015-12-15,601899,14:59:01,2,3.57,124,44610
2015-12-15,601899,14:58:56,2,3.57,309,110355
2015-12-15,601899,14:58:51,2,3.57,165,59233
2015-12-15,601899,14:58:46,2,3.57,904,322728
2015-12-15,601899,14:58:41,2,3.57,1192,425544
2015-12-15,601899,14:58:36,2,3.57,911,325241
2015-12-15,601899,14:58:31,2,3.57,495,176729
2015-12-15,601899,14:58:26,2,3.57,141,50665
2015-12-15,601899,14:58:21,1,3.56,280,99680
2015-12-15,601899,14:58:16,2,3.57,444,158850
2015-12-15,601899,14:58:11,2,3.57,585,208887
2015-12-15,601899,14:58:06,1,3.56,2058,732961
2015-12-15,601899,14:58:01,1,3.56,241,85838
2015-12-15,601899,14:57:56,1,3.56,656,233536
2015-12-15,601899,14:57:51,1,3.56,1368,487349
2015-12-15,601899,14:57:46,1,3.56,1637,583099
2015-12-15,601899,14:57:41,2,3.57,754,269206
2015-12-15,601899,14:57:36,2,3.57,172,61746
2015-12-15,601899,14:57:30,2,3.57,246,87850
2015-12-15,601899,14:57:25,2,3.57,92,32844
2015-12-15,601899,14:57:20,2,3.57,458,163820
2015-12-15,601899,14:57:15,1,3.56,194,69092
2015-12-15,601899,14:57:10,2,3.57,287,102473
2015-12-15,601899,14:57:05,2,3.57,2045,730393
2015-12-15,601899,14:57:00,2,3.57,254,90706
2015-12-15,601899,14:56:55,2,3.57,742,265208
2015-12-15,601899,14:56:50,2,3.57,463,165305
2015-12-15,601899,14:56:45,1,3.56,276,98597
2015-12-15,601899,14:56:40,2,3.57,275,98189
2015-12-15,601899,14:56:35,2,3.57,192,68886
2015-12-15,601899,14:56:30,2,3.57,766,273490
2015-12-15,601899,14:56:25,1,3.56,171,60890
2015-12-15,601899,14:56:20,2,3.57,353,126349
2015-12-15,601899,14:56:15,1,3.56,402,143140
2015-12-15,601899,14:56:10,2,3.57,1552,554406
2015-12-15,601899,14:56:05,2,3.57,804,287028
2015-12-15,601899,14:56:00,1,3.56,2168,772149
2015-12-15,601899,14:55:55,1,3.56,4156,1479877
2015-12-15,601899,14:55:50,1,3.56,216,76896
2015-12-15,601899,14:55:45,1,3.56,78,27796
2015-12-15,601899,14:55:40,1,3.56,241,86123
2015-12-15,601899,14:55:35,1,3.56,337,120185
2015-12-15,601899,14:55:30,1,3.56,114,40897
2015-12-15,601899,14:55:25,1,3.56,144,51264
2015-12-15,601899,14:55:20,1,3.56,80,28480
2015-12-15,601899,14:55:15,2,3.57,408,145656
2015-12-15,601899,14:55:10,2,3.57,177,63231
2015-12-15,601899,14:55:05,2,3.57,129,46381
2015-12-15,601899,14:55:00,2,3.57,890,317758
2015-12-15,601899,14:54:55,1,3.56,200,71200
2015-12-15,601899,14:54:50,2,3.57,615,219569
2015-12-15,601899,14:54:45,2,3.57,242,86708
2015-12-15,601899,14:54:40,2,3.57,88,31758
2015-12-15,601899,14:54:35,2,3.57,263,93905
2015-12-15,601899,14:54:30,2,3.57,790,282058
2015-12-15,601899,14:54:25,2,3.57,111,39641
2015-12-15,601899,14:54:20,1,3.56,228,81509
2015-12-15,601899,14:54:15,2,3.57,22,8168
2015-12-15,601899,14:54:10,1,3.56,395,140805
2015-12-15,601899,14:54:05,2,3.57,547,195293
2015-12-15,601899,14:54:00,1,3.56,694,247092
2015-12-15,601899,14:53:55,1,3.56,401,143083
2015-12-15,601899,14:53:50,1,3.56,175,62314
2015-12-15,601899,14:53:45,2,3.57,261,93505
2015-12-15,601899,14:53:40,2,3.57,456,162792
2015-12-15,601899,14:53:35,2,3.57,152,54264
2015-12-15,601899,14:53:30,1,3.56,475,169114
2015-12-15,601899,14:53:25,2,3.57,8,2856
2015-12-15,601899,14:53:20,2,3.57,64,23190
2015-12-15,601899,14:53:15,2,3.57,490,174958
2015-12-15,601899,14:53:10,2,3.57,55,19649
2015-12-15,601899,14:53:05,2,3.57,413,147769
2015-12-15,601899,14:53:00,2,3.57,20,7140
2015-12-15,601899,14:52:55,2,3.57,346,123550
2015-12-15,601899,14:52:50,1,3.56,164,58384
2015-12-15,601899,14:52:45,1,3.56,102,36625
2015-12-15,601899,14:52:40,2,3.57,176,62832
2015-12-15,601899,14:52:35,2,3.57,368,131376
2015-12-15,601899,14:52:30,2,3.57,49,17535
2015-12-15,601899,14:52:25,1,3.56,888,316128
2015-12-15,601899,14:52:19,2,3.57,209,74941
2015-12-15,601899,14:52:14,2,3.57,138,49294
2015-12-15,601899,14:52:09,1,3.56,208,74389
2015-12-15,601899,14:52:04,2,3.57,27,9653
2015-12-15,601899,14:51:59,1,3.56,138,49441
2015-12-15,601899,14:51:54,2,3.57,439,156737
2015-12-15,601899,14:51:49,2,3.57,199,71057
2015-12-15,601899,14:51:44,2,3.57,603,215285
2015-12-15,601899,14:51:39,2,3.57,598,213800
2015-12-15,601899,14:51:34,2,3.57,165,58947
2015-12-15,601899,14:51:29,2,3.57,1534,547952
2015-12-15,601899,14:51:24,2,3.57,2897,1034271
2015-12-15,601899,14:51:19,1,3.56,812,289072
2015-12-15,601899,14:51:14,2,3.57,252,89964
2015-12-15,601899,14:51:09,2,3.57,78,28160
2015-12-15,601899,14:51:04,1,3.56,796,283376
2015-12-15,601899,14:50:54,1,3.56,1139,405498
2015-12-15,601899,14:50:44,2,3.57,1454,519106
2015-12-15,601899,14:50:34,2,3.57,94,33872
2015-12-15,601899,14:50:29,2,3.57,3389,1209915
2015-12-15,601899,14:50:24,2,3.57,520,185640
2015-12-15,601899,14:50:14,1,3.56,48,17088
2015-12-15,601899,14:50:09,2,3.57,342,122408
2015-12-15,601899,14:49:59,2,3.57,129,46095
2015-12-15,601899,14:49:49,2,3.57,120,42840
2015-12-15,601899,14:49:44,1,3.56,356,127077
2015-12-15,601899,14:49:34,2,3.57,125,44953
2015-12-15,601899,14:49:29,2,3.57,12,4284
2015-12-15,601899,14:49:24,1,3.56,547,194746
2015-12-15,601899,14:49:19,2,3.57,496,177072
2015-12-15,601899,14:49:09,1,3.56,66,23524
2015-12-15,601899,14:49:04,2,3.57,153,54949
2015-12-15,601899,14:48:59,2,3.57,376,134574
2015-12-15,601899,14:48:54,1,3.56,137,48814
2015-12-15,601899,14:48:49,2,3.57,274,98132
2015-12-15,601899,14:48:44,1,3.56,1662,591700
2015-12-15,601899,14:48:39,2,3.57,48,17136
2015-12-15,601899,14:48:34,2,3.57,321,114925
2015-12-15,601899,14:48:29,1,3.56,70,24948
2015-12-15,601899,14:48:24,1,3.56,119,42378
2015-12-15,601899,14:48:19,2,3.57,814,290912
2015-12-15,601899,14:48:14,2,3.57,54,19306
2015-12-15,601899,14:48:09,2,3.57,1244,444108
2015-12-15,601899,14:48:04,2,3.57,349,124921
2015-12-15,601899,14:47:59,1,3.56,6,2164
2015-12-15,601899,14:47:54,2,3.57,652,233106
2015-12-15,601899,14:47:49,1,3.56,74,26372
2015-12-15,601899,14:47:44,2,3.57,146,52436
2015-12-15,601899,14:47:39,2,3.57,167,59633
2015-12-15,601899,14:47:34,2,3.57,106,37870
2015-12-15,601899,14:47:29,2,3.57,29,10681
2015-12-15,601899,14:47:24,2,3.57,88,31416
2015-12-15,601899,14:47:19,2,3.57,195,69629
2015-12-15,601899,14:47:14,2,3.57,48,17136
2015-12-15,601899,14:47:08,2,3.57,116,41412
2015-12-15,601899,14:47:03,1,3.56,124,44485
2015-12-15,601899,14:46:58,1,3.56,116,41637
2015-12-15,601899,14:46:53,1,3.56,5,1822
2015-12-15,601899,14:46:48,1,3.56,12,4272
2015-12-15,601899,14:46:43,2,3.56,672,239573
2015-12-15,601899,14:46:38,2,3.56,240,85440
2015-12-15,601899,14:46:33,1,3.55,1303,462579
2015-12-15,601899,14:46:28,2,3.56,1656,589877
2015-12-15,601899,14:46:23,1,3.55,836,296780
2015-12-15,601899,14:46:18,2,3.56,612,218213
2015-12-15,601899,14:46:13,2,3.56,519,184778
2015-12-15,601899,14:46:08,2,3.56,95,33834
2015-12-15,601899,14:46:03,2,3.56,552,196853
2015-12-15,601899,14:45:58,2,3.56,104,37024
2015-12-15,601899,14:45:53,1,3.55,196,69580
2015-12-15,601899,14:45:48,2,3.56,191,68010
2015-12-15,601899,14:45:43,2,3.56,386,137729
2015-12-15,601899,14:45:38,1,3.55,279,99059
2015-12-15,601899,14:45:33,2,3.56,82,29220
2015-12-15,601899,14:45:28,1,3.55,306,108942
2015-12-15,601899,14:45:23,1,3.56,4182,1488820
2015-12-15,601899,14:45:18,2,3.57,4143,1479065
2015-12-15,601899,14:45:13,1,3.56,2417,860779
2015-12-15,601899,14:45:08,1,3.56,2198,782516
2015-12-15,601899,14:45:03,1,3.56,146,52289
2015-12-15,601899,14:44:58,2,3.57,108,38556
2015-12-15,601899,14:44:53,1,3.56,860,306160
2015-12-15,601899,14:44:48,1,3.56,185,65902
2015-12-15,601899,14:44:43,2,3.57,442,158108
2015-12-15,601899,14:44:38,2,3.57,50,17878
2015-12-15,601899,14:44:33,2,3.57,1048,374136
2015-12-15,601899,14:44:28,1,3.56,220,78320
2015-12-15,601899,14:44:23,1,3.56,176,62997
2015-12-15,601899,14:44:18,2,3.57,67,23933
2015-12-15,601899,14:44:13,1,3.56,132,47333
2015-12-15,601899,14:44:08,1,3.56,360,128501
2015-12-15,601899,14:44:03,1,3.56,1425,507342
2015-12-15,601899,14:43:58,2,3.57,62,22448
2015-12-15,601899,14:43:53,1,3.56,73,26030
2015-12-15,601899,14:43:49,1,3.56,5670,2018833
2015-12-15,601899,14:43:44,1,3.56,208,74048
2015-12-15,601899,14:43:34,1,3.56,510,181588
2015-12-15,601899,14:43:29,1,3.56,147,52346
2015-12-15,601899,14:43:19,2,3.57,5036,1798194
2015-12-15,601899,14:43:14,2,3.57,84,30330
2015-12-15,601899,14:43:09,2,3.57,335,119609
2015-12-15,601899,14:42:59,1,3.57,732,261324
2015-12-15,601899,14:42:54,2,3.57,343,122465
2015-12-15,601899,14:42:49,2,3.57,132,47124
2015-12-15,601899,14:42:44,1,3.57,1512,539784
2015-12-15,601899,14:42:39,2,3.58,62,22511
2015-12-15,601899,14:42:34,2,3.58,120,42960
2015-12-15,601899,14:42:29,1,3.57,281,100359
2015-12-15,601899,14:42:19,1,3.57,52,18906
2015-12-15,601899,14:42:14,2,3.58,32,11799
2015-12-15,601899,14:42:09,1,3.57,96,34272
2015-12-15,601899,14:42:04,1,3.57,591,211001
2015-12-15,601899,14:41:54,1,3.57,256,91734
2015-12-15,601899,14:41:49,2,3.58,791,283192
2015-12-15,601899,14:41:44,1,3.57,872,311646
2015-12-15,601899,14:41:39,2,3.58,298,106712
2015-12-15,601899,14:41:34,2,3.58,353,126703
2015-12-15,601899,14:41:24,1,3.57,16,5712
2015-12-15,601899,14:41:19,2,3.58,486,174016
2015-12-15,601899,14:41:14,2,3.58,173,62263
2015-12-15,601899,14:41:09,2,3.58,112,40439
2015-12-15,601899,14:41:04,2,3.58,15,5384
2015-12-15,601899,14:40:59,2,3.58,24,8592
2015-12-15,601899,14:40:54,2,3.58,152,54759
2015-12-15,601899,14:40:49,1,3.57,61,21819
2015-12-15,601899,14:40:44,1,3.57,114,41012
2015-12-15,601899,14:40:39,2,3.58,235,84144
2015-12-15,601899,14:40:34,1,3.57,224,80310
2015-12-15,601899,14:40:29,1,3.57,27,9653
2015-12-15,601899,14:40:23,2,3.58,40,14663
2015-12-15,601899,14:40:18,1,3.57,67,23933
2015-12-15,601899,14:40:13,2,3.58,19,6816
2015-12-15,601899,14:40:08,1,3.57,188,67458
2015-12-15,601899,14:40:03,2,3.58,143,51208
2015-12-15,601899,14:39:58,2,3.58,28,10024
2015-12-15,601899,14:39:53,2,3.58,32,11799
2015-12-15,601899,14:39:48,1,3.57,36,12852
2015-12-15,601899,14:39:43,2,3.58,472,169319
2015-12-15,601899,14:39:38,1,3.57,151,53921
2015-12-15,601899,14:39:33,1,3.57,111,39641
2015-12-15,601899,14:39:28,1,3.57,92,33186
2015-12-15,601899,14:39:23,1,3.57,211,75341
2015-12-15,601899,14:39:18,1,3.57,172,61746
2015-12-15,601899,14:39:13,2,3.58,88,31847
2015-12-15,601899,14:39:08,1,3.57,20,7140
2015-12-15,601899,14:39:03,1,3.57,105,37527
2015-12-15,601899,14:38:58,2,3.58,4,1775
2015-12-15,601899,14:38:53,1,3.57,180,64260
2015-12-15,601899,14:38:38,2,3.57,1621,579025
2015-12-15,601899,14:38:33,0,3.57,25,8967
2015-12-15,601899,14:38:28,2,3.58,1205,431719
2015-12-15,601899,14:38:23,2,3.57,112,39984
2015-12-15,601899,14:38:18,2,3.57,2092,746844
2015-12-15,601899,14:38:13,2,3.57,2176,777174
2015-12-15,601899,14:38:08,1,3.57,1206,430570
2015-12-15,601899,14:38:03,2,3.58,1060,379823
2015-12-15,601899,14:37:58,1,3.57,2164,772548
2015-12-15,601899,14:37:53,1,3.57,2408,859656
2015-12-15,601899,14:37:48,1,3.57,3168,1131318
2015-12-15,601899,14:37:43,1,3.57,2988,1066716
2015-12-15,601899,14:37:38,2,3.58,1,400
2015-12-15,601899,14:37:33,1,3.57,296,106014
2015-12-15,601899,14:37:28,1,3.57,60,21762
2015-12-15,601899,14:37:23,2,3.58,60,21480
2015-12-15,601899,14:37:18,1,3.57,4059,1449077
2015-12-15,601899,14:37:13,1,3.57,1031,368081
2015-12-15,601899,14:37:08,1,3.57,80,28560
2015-12-15,601899,14:37:03,1,3.57,46,16736
2015-12-15,601899,14:36:58,1,3.57,86,30730
2015-12-15,601899,14:36:53,1,3.57,852,304164
2015-12-15,601899,14:36:48,1,3.57,3000,1071342
2015-12-15,601899,14:36:42,1,3.57,1300,464442
2015-12-15,601899,14:36:37,1,3.58,402,144116
2015-12-15,601899,14:36:32,1,3.58,2151,770072
2015-12-15,601899,14:36:27,1,3.58,184,66215
2015-12-15,601899,14:36:22,1,3.58,421,151047
2015-12-15,601899,14:36:17,1,3.58,1105,395632
2015-12-15,601899,14:36:12,1,3.58,836,299288
2015-12-15,601899,14:36:07,1,3.58,180,64783
2015-12-15,601899,14:36:02,1,3.58,1243,445008
2015-12-15,601899,14:35:57,1,3.58,160,57623
2015-12-15,601899,14:35:52,1,3.58,49,17871
2015-12-15,601899,14:35:47,1,3.58,197,70568
2015-12-15,601899,14:35:42,1,3.58,188,67304
2015-12-15,601899,14:35:37,1,3.58,654,234447
2015-12-15,601899,14:35:32,2,3.59,133,47790
2015-12-15,601899,14:35:27,1,3.58,1368,490087
2015-12-15,601899,14:35:22,1,3.58,110,39408
2015-12-15,601899,14:35:17,1,3.58,8,2864
2015-12-15,601899,14:35:12,1,3.58,29,10711
2015-12-15,601899,14:35:07,1,3.58,755,270304
2015-12-15,601899,14:35:02,1,3.58,129,46511
2015-12-15,601899,14:34:57,1,3.58,56,20391
2015-12-15,601899,14:34:52,1,3.58,302,108144
2015-12-15,601899,14:34:47,1,3.58,3,1088
2015-12-15,601899,14:34:42,1,3.58,822,294591
2015-12-15,601899,14:34:37,2,3.59,172,61805
2015-12-15,601899,14:34:32,1,3.58,88,31847
2015-12-15,601899,14:34:27,1,3.58,32,11456
2015-12-15,601899,14:34:22,1,3.58,364,130312
2015-12-15,601899,14:34:17,1,3.58,17,6415
2015-12-15,601899,14:34:12,1,3.58,163,58368
2015-12-15,601899,14:34:07,2,3.59,355,127459
2015-12-15,601899,14:34:02,2,3.59,68,24412
2015-12-15,601899,14:33:57,1,3.58,52,18959
2015-12-15,601899,14:33:52,2,3.59,27,9707
2015-12-15,601899,14:33:47,1,3.58,24,8935
2015-12-15,601899,14:33:42,2,3.59,168,60656
2015-12-15,601899,14:33:37,1,3.58,5,1832
2015-12-15,601899,14:33:32,2,3.59,43,15738
2015-12-15,601899,14:33:22,2,3.59,123,44171
2015-12-15,601899,14:33:12,2,3.59,596,213964
2015-12-15,601899,14:33:06,2,3.59,92,33028
2015-12-15,601899,14:33:01,2,3.59,146,52442
2015-12-15,601899,14:32:56,1,3.58,15,5384
2015-12-15,601899,14:32:51,1,3.58,41,15007
2015-12-15,601899,14:32:46,2,3.59,211,75763
2015-12-15,601899,14:32:41,1,3.58,96,34368
2015-12-15,601899,14:32:36,1,3.58,116,41528
2015-12-15,601899,14:32:31,2,3.59,2364,848676
2015-12-15,601899,14:32:26,1,3.58,443,158608
2015-12-15,601899,14:32:21,1,3.58,149,53671
2015-12-15,601899,14:32:16,1,3.58,135,48344
2015-12-15,601899,14:32:11,1,3.58,24,8592
2015-12-15,601899,14:32:06,2,3.59,8,2872
2015-12-15,601899,14:32:01,1,3.58,40,14320
2015-12-15,601899,14:31:56,2,3.59,5,2125
2015-12-15,601899,14:31:51,1,3.58,10,3608
2015-12-15,601899,14:31:46,1,3.58,132,47599
2015-12-15,601899,14:31:41,1,3.58,104,37232
2015-12-15,601899,14:31:36,2,3.59,4,1436
2015-12-15,601899,14:31:31,1,3.58,104,37232
2015-12-15,601899,14:31:26,1,3.58,195,69824
2015-12-15,601899,14:31:21,2,3.59,44,16140
2015-12-15,601899,14:31:16,2,3.59,180,64964
2015-12-15,601899,14:31:11,1,3.58,574,205520
2015-12-15,601899,14:31:06,1,3.58,56,20048
2015-12-15,601899,14:31:01,2,3.59,105,38025
2015-12-15,601899,14:30:56,1,3.58,215,76984
2015-12-15,601899,14:30:51,2,3.59,124,44516
2015-12-15,601899,14:30:46,1,3.58,13,4983
2015-12-15,601899,14:30:41,1,3.58,321,114960
2015-12-15,601899,14:30:36,1,3.58,149,53671
2015-12-15,601899,14:30:31,2,3.59,140,50260
2015-12-15,601899,14:30:26,1,3.58,201,72000
2015-12-15,601899,14:30:21,2,3.59,140,50604
2015-12-15,601899,14:30:16,2,3.59,72,26192
2015-12-15,601899,14:30:11,1,3.58,132,47256
2015-12-15,601899,14:30:06,1,3.58,54,19360
2015-12-15,601899,14:30:01,2,3.59,99,35842
2015-12-15,601899,14:29:56,1,3.58,216,77328
2015-12-15,601899,14:29:51,1,3.59,782,280824
2015-12-15,601899,14:29:46,1,3.59,884,317356
2015-12-15,601899,14:29:41,2,3.6,1860,669600
2015-12-15,601899,14:29:36,1,3.59,128,45952
2015-12-15,601899,14:29:31,2,3.6,139,50054
2015-12-15,601899,14:29:26,1,3.59,73,26537
2015-12-15,601899,14:29:20,2,3.6,120,43200
2015-12-15,601899,14:29:15,2,3.6,79,28454
2015-12-15,601899,14:29:10,1,3.59,33,12177
2015-12-15,601899,14:29:05,1,3.59,199,71455
2015-12-15,601899,14:29:00,1,3.59,89,32281
2015-12-15,601899,14:28:55,1,3.59,213,76510
2015-12-15,601899,14:28:50,2,3.6,8,3225
2015-12-15,601899,14:28:45,1,3.59,73,26537
2015-12-15,601899,14:28:40,1,3.59,25,9018
2015-12-15,601899,14:28:35,1,3.59,69,25101
2015-12-15,601899,14:28:30,2,3.6,1058,380908
2015-12-15,601899,14:28:25,2,3.6,20,7200
2015-12-15,601899,14:28:20,2,3.6,49,17971
2015-12-15,601899,14:28:15,2,3.6,272,98265
2015-12-15,601899,14:28:10,1,3.59,17,6146
2015-12-15,601899,14:28:05,1,3.59,115,41299
2015-12-15,601899,14:28:00,1,3.59,3,1378
2015-12-15,601899,14:27:55,1,3.59,204,73293
2015-12-15,601899,14:27:50,2,3.6,178,64396
2015-12-15,601899,14:27:45,2,3.6,272,98265
2015-12-15,601899,14:27:40,2,3.6,112,40320
2015-12-15,601899,14:27:35,1,3.59,551,197823
2015-12-15,601899,14:27:30,2,3.6,40,14400
2015-12-15,601899,14:27:25,2,3.6,239,86054
2015-12-15,601899,14:27:20,2,3.6,48,17280
2015-12-15,601899,14:27:15,2,3.6,25,9331
2015-12-15,601899,14:27:10,1,3.59,466,167322
2015-12-15,601899,14:27:05,2,3.6,141,50803
2015-12-15,601899,14:27:00,2,3.6,40,14400
2015-12-15,601899,14:26:55,1,3.59,143,51351
2015-12-15,601899,14:26:50,2,3.6,657,236851
2015-12-15,601899,14:26:45,1,3.59,599,215055
2015-12-15,601899,14:26:40,1,3.59,404,145380
2015-12-15,601899,14:26:30,2,3.6,20,7200
2015-12-15,601899,14:26:20,2,3.6,76,27705
2015-12-15,601899,14:26:10,1,3.59,291,104483
2015-12-15,601899,14:26:00,1,3.59,23,8271
2015-12-15,601899,14:25:55,2,3.6,288,103680
2015-12-15,601899,14:25:50,1,3.59,260,93684
2015-12-15,601899,14:25:39,1,3.59,284,101956
2015-12-15,601899,14:25:29,2,3.6,136,48960
2015-12-15,601899,14:25:24,2,3.6,56,20160
2015-12-15,601899,14:25:19,1,3.59,90,32338
2015-12-15,601899,14:25:14,2,3.6,129,46771
2015-12-15,601899,14:25:09,2,3.6,88,31680
2015-12-15,601899,14:25:04,2,3.6,8,3225
2015-12-15,601899,14:24:59,2,3.6,326,117388
2015-12-15,601899,14:24:49,2,3.6,29,10771
2015-12-15,601899,14:24:44,1,3.59,7,2527
2015-12-15,601899,14:24:39,2,3.6,12,4665
2015-12-15,601899,14:24:34,2,3.6,95,34214
2015-12-15,601899,14:24:24,2,3.6,1042,375148
2015-12-15,601899,14:24:19,2,3.6,3084,1110585
2015-12-15,601899,14:24:09,2,3.6,72,26265
2015-12-15,601899,14:24:04,1,3.59,14,5054
2015-12-15,601899,14:23:59,2,3.6,106,38476
2015-12-15,601899,14:23:54,1,3.59,13,4710
2015-12-15,601899,14:23:49,1,3.59,90,32625
2015-12-15,601899,14:23:39,1,3.59,230,82656
2015-12-15,601899,14:23:34,2,3.59,9874,3544967
2015-12-15,601899,14:23:29,2,3.59,716,257388
2015-12-15,601899,14:23:24,1,3.58,91,32592
2015-12-15,601899,14:23:14,1,3.58,52,18616
2015-12-15,601899,14:23:09,2,3.59,36,12924
2015-12-15,601899,14:22:59,2,3.59,452,162268
2015-12-15,601899,14:22:54,2,3.59,45,16198
2015-12-15,601899,14:22:49,1,3.58,60,21823
2015-12-15,601899,14:22:44,1,3.58,104,37232
2015-12-15,601899,14:22:39,1,3.58,85,30759
2015-12-15,601899,14:22:34,1,3.58,213,76296
2015-12-15,601899,14:22:29,1,3.58,22,8191
2015-12-15,601899,14:22:24,1,3.58,601,215200
2015-12-15,601899,14:22:19,1,3.58,398,142799
2015-12-15,601899,14:22:14,1,3.58,151,54072
2015-12-15,601899,14:22:09,1,3.58,2748,984127
2015-12-15,601899,14:22:03,1,3.58,4,1432
2015-12-15,601899,14:21:58,1,3.58,17,6128
2015-12-15,601899,14:21:53,1,3.58,85,30759
2015-12-15,601899,14:21:48,1,3.58,317,113815
2015-12-15,601899,14:21:43,1,3.58,14,5040
2015-12-15,601899,14:21:38,1,3.58,86,30816
2015-12-15,601899,14:21:33,2,3.59,14,5341
2015-12-15,601899,14:21:28,2,3.59,350,125678
2015-12-15,601899,14:21:23,1,3.58,43,15408
2015-12-15,601899,14:21:18,1,3.58,20,7503
2015-12-15,601899,14:21:13,1,3.58,64,22912
2015-12-15,601899,14:21:08,2,3.59,294,105861
2015-12-15,601899,14:21:03,2,3.59,36,12981
2015-12-15,601899,14:20:58,2,3.59,51,18610
2015-12-15,601899,14:20:53,1,3.58,540,193377
2015-12-15,601899,14:20:48,1,3.58,17,6415
2015-12-15,601899,14:20:43,1,3.58,40,14663
2015-12-15,601899,14:20:38,2,3.59,0,344
2015-12-15,601899,14:20:33,2,3.59,40,14360
2015-12-15,601899,14:20:28,1,3.58,8,2864
2015-12-15,601899,14:20:23,1,3.58,25,8992
2015-12-15,601899,14:20:18,1,3.58,29,10711
2015-12-15,601899,14:20:13,1,3.58,1880,673040
2015-12-15,601899,14:20:08,1,3.58,112,40096
2015-12-15,601899,14:20:03,1,3.58,42,15064
2015-12-15,601899,14:19:58,2,3.59,60,21540
2015-12-15,601899,14:19:53,2,3.59,18,6777
2015-12-15,601899,14:19:48,1,3.58,186,66616
2015-12-15,601899,14:19:38,2,3.59,48,17576
2015-12-15,601899,14:19:33,1,3.58,4,1432
2015-12-15,601899,14:19:28,2,3.59,24,8960
2015-12-15,601899,14:19:23,2,3.59,8,2872
2015-12-15,601899,14:19:18,2,3.59,73,26250
2015-12-15,601899,14:19:13,1,3.58,80,28983
2015-12-15,601899,14:19:08,1,3.58,16,5728
2015-12-15,601899,14:19:03,1,3.58,5,2119
2015-12-15,601899,14:18:58,2,3.59,122,43826
2015-12-15,601899,14:18:53,1,3.58,68,24344
2015-12-15,601899,14:18:48,2,3.59,62,22286
2015-12-15,601899,14:18:43,1,3.58,54,19647
2015-12-15,601899,14:18:38,1,3.58,18,6472
2015-12-15,601899,14:18:33,1,3.58,16,5728
2015-12-15,601899,14:18:28,1,3.58,13,4983
2015-12-15,601899,14:18:17,1,3.58,49,17584
2015-12-15,601899,14:18:12,1,3.58,10,3895
2015-12-15,601899,14:18:07,2,3.59,16,6088
2015-12-15,601899,14:18:02,1,3.58,225,80592
2015-12-15,601899,14:17:57,2,3.59,12,4652
2015-12-15,601899,14:17:52,2,3.59,172,62092
2015-12-15,601899,14:17:47,1,3.58,14,5040
2015-12-15,601899,14:17:42,1,3.58,52,18616
2015-12-15,601899,14:17:37,1,3.58,28,10367
2015-12-15,601899,14:17:32,2,3.59,360,129240
2015-12-15,601899,14:17:27,1,3.58,131,46912
2015-12-15,601899,14:17:22,2,3.59,72,25848
2015-12-15,601899,14:17:17,2,3.59,12,4652
2015-12-15,601899,14:17:12,1,3.58,264,94855
2015-12-15,601899,14:17:07,2,3.59,101,36474
2015-12-15,601899,14:17:02,2,3.59,144,52040
2015-12-15,601899,14:16:57,2,3.59,1712,614608
2015-12-15,601899,14:16:52,1,3.58,19,6816
2015-12-15,601899,14:16:47,1,3.58,392,140679
2015-12-15,601899,14:16:42,1,3.58,185,66559
2015-12-15,601899,14:16:37,2,3.59,21,7582
2015-12-15,601899,14:16:32,1,3.58,38,13919
2015-12-15,601899,14:16:27,2,3.59,2170,779058
2015-12-15,601899,14:16:22,2,3.59,8,2872
2015-12-15,601899,14:16:17,1,3.58,33,12143
2015-12-15,601899,14:16:12,1,3.58,595,213024
2015-12-15,601899,14:16:07,2,3.59,156,56348
2015-12-15,601899,14:16:02,2,3.59,74,26594
2015-12-15,601899,14:15:57,2,3.59,212,76108
2015-12-15,601899,14:15:52,2,3.59,79,28375
2015-12-15,601899,14:15:47,2,3.59,45,16485
2015-12-15,601899,14:15:42,2,3.59,10,3618
2015-12-15,601899,14:15:37,2,3.59,1309,470261
2015-12-15,601899,14:15:32,2,3.59,208,75016
2015-12-15,601899,14:15:27,1,3.58,200,71600
2015-12-15,601899,14:15:22,2,3.59,48,17232
2015-12-15,601899,14:15:17,2,3.59,60,21540
2015-12-15,601899,14:15:12,1,3.58,108,38664
2015-12-15,601899,14:15:07,2,3.59,145,52098
2015-12-15,601899,14:15:02,1,3.59,2052,737012
2015-12-15,601899,14:14:57,2,3.6,36,13305
2015-12-15,601899,14:14:47,1,3.59,292,105172
2015-12-15,601899,14:14:41,2,3.6,128,46080
2015-12-15,601899,14:14:36,1,3.59,36,12924
2015-12-15,601899,14:14:31,2,3.6,480,172800
2015-12-15,601899,14:14:26,2,3.59,1023,367271
2015-12-15,601899,14:14:21,1,3.59,412,147908
2015-12-15,601899,14:14:16,1,3.59,102,36646
2015-12-15,601899,14:14:11,1,3.59,140,50260
2015-12-15,601899,14:14:06,1,3.59,36,12924
2015-12-15,601899,14:14:01,1,3.59,64,22976
2015-12-15,601899,14:13:56,2,3.59,18,6777
2015-12-15,601899,14:13:51,2,3.59,34,12234
2015-12-15,601899,14:13:46,2,3.59,28,10052
2015-12-15,601899,14:13:41,1,3.58,68,24344
2015-12-15,601899,14:13:36,2,3.59,533,191677
2015-12-15,601899,14:13:31,1,3.58,378,135352
2015-12-15,601899,14:13:26,1,3.58,779,278896
2015-12-15,601899,14:13:21,1,3.58,92,32936
2015-12-15,601899,14:13:16,1,3.58,9,3551
2015-12-15,601899,14:13:11,1,3.58,130,46568
2015-12-15,601899,14:13:01,2,3.59,8,2872
2015-12-15,601899,14:12:56,2,3.59,38,13957
2015-12-15,601899,14:12:51,2,3.59,880,315920
2015-12-15,601899,14:12:46,2,3.59,6,2182
2015-12-15,601899,14:12:41,2,3.59,48,17232
2015-12-15,601899,14:12:36,2,3.59,28,10052
2015-12-15,601899,14:12:31,1,3.58,11,3952
2015-12-15,601899,14:12:26,1,3.58,62,22511
2015-12-15,601899,14:12:21,2,3.59,322,115626
2015-12-15,601899,14:12:16,1,3.58,143,51208
2015-12-15,601899,14:12:11,1,3.58,26,9623
2015-12-15,601899,14:12:06,1,3.58,152,54416
2015-12-15,601899,14:12:01,1,3.58,119,42616
2015-12-15,601899,14:11:56,2,3.59,36,12924
2015-12-15,601899,14:11:51,2,3.59,83,29811
2015-12-15,601899,14:11:46,1,3.58,29,10711
2015-12-15,601899,14:11:41,1,3.58,10124,3624420
2015-12-15,601899,14:11:36,2,3.59,234,84350
2015-12-15,601899,14:11:31,1,3.58,321,114932
2015-12-15,601899,14:11:26,1,3.58,44,15752
2015-12-15,601899,14:11:21,1,3.58,132,47599
2015-12-15,601899,14:11:16,1,3.58,2483,888928
2015-12-15,601899,14:11:11,1,3.58,440,157520
2015-12-15,601899,14:11:05,1,3.58,508,181864
2015-12-15,601899,14:11:00,2,3.58,4756,1702819
2015-12-15,601899,14:10:55,1,3.57,46,16764
2015-12-15,601899,14:10:50,1,3.57,1,371
2015-12-15,601899,14:10:45,2,3.58,18,6787
2015-12-15,601899,14:10:40,1,3.57,127,45353
2015-12-15,601899,14:10:35,2,3.58,150,53700
2015-12-15,601899,14:10:30,2,3.58,68,24344
2015-12-15,601899,14:10:25,1,3.57,93,33215
2015-12-15,601899,14:10:20,2,3.58,204,73032
2015-12-15,601899,14:10:15,1,3.57,65,23533
2015-12-15,601899,14:10:10,1,3.57,280,99960
2015-12-15,601899,14:10:05,1,3.57,458,163534
2015-12-15,601899,14:10:00,1,3.57,16,6054
2015-12-15,601899,14:09:55,1,3.57,771,275261
2015-12-15,601899,14:09:50,1,3.57,1024,365568
2015-12-15,601899,14:09:45,1,3.57,14,5340
2015-12-15,601899,14:09:40,2,3.58,9,3236
2015-12-15,601899,14:09:35,2,3.58,46,16811
2015-12-15,601899,14:09:30,1,3.57,86,30702
2015-12-15,601899,14:09:25,2,3.58,422,151076
2015-12-15,601899,14:09:20,1,3.57,121,43211
2015-12-15,601899,14:09:15,2,3.58,112,40439
2015-12-15,601899,14:09:10,2,3.58,280,100240
2015-12-15,601899,14:09:05,2,3.58,116,41528
2015-12-15,601899,14:09:00,1,3.57,98,34986
2015-12-15,601899,14:08:55,2,3.58,70,25060
2015-12-15,601899,14:08:50,2,3.58,574,205492
2015-12-15,601899,14:08:45,2,3.58,854,305732
2015-12-15,601899,14:08:40,1,3.57,991,353801
2015-12-15,601899,14:08:35,2,3.58,32,11799
2015-12-15,601899,14:08:30,1,3.57,400,143142
2015-12-15,601899,14:08:25,2,3.58,583,208728
2015-12-15,601899,14:08:20,1,3.57,964,344148
2015-12-15,601899,14:08:15,2,3.58,42,15036
2015-12-15,601899,14:08:10,2,3.58,190,68363
2015-12-15,601899,14:08:05,1,3.57,41,14651
2015-12-15,601899,14:08:00,2,3.58,302,108459
2015-12-15,601899,14:07:55,1,3.57,43,15365
2015-12-15,601899,14:07:50,2,3.58,340,121720
2015-12-15,601899,14:07:45,2,3.58,323,115648
2015-12-15,601899,14:07:40,2,3.58,80,28640
2015-12-15,601899,14:07:35,2,3.58,28,10367
2015-12-15,601899,14:07:30,2,3.58,52,18959
2015-12-15,601899,14:07:24,2,3.58,145,51924
2015-12-15,601899,14:07:19,2,3.58,1056,378048
2015-12-15,601899,14:07:14,2,3.58,117,41900
2015-12-15,601899,14:07:09,2,3.58,673,241263
2015-12-15,601899,14:07:04,2,3.58,88,31504
2015-12-15,601899,14:06:59,2,3.58,228,81624
2015-12-15,601899,14:06:54,2,3.58,151,54072
2015-12-15,601899,14:06:49,2,3.58,543,194408
2015-12-15,601899,14:06:44,2,3.58,264,94855
2015-12-15,601899,14:06:39,1,3.57,528,188838
2015-12-15,601899,14:06:34,1,3.58,752,269416
2015-12-15,601899,14:06:29,2,3.58,446,159839
2015-12-15,601899,14:06:24,1,3.57,156,56034
2015-12-15,601899,14:06:19,1,3.57,203,72485
2015-12-15,601899,14:06:14,2,3.58,860,307880
2015-12-15,601899,14:06:09,2,3.58,32,11799
2015-12-15,601899,14:06:04,2,3.58,2,744
2015-12-15,601899,14:05:59,2,3.58,333,119543
2015-12-15,601899,14:05:54,1,3.57,71,25361
2015-12-15,601899,14:05:49,2,3.58,120,43303
2015-12-15,601899,14:05:44,2,3.58,102,36544
2015-12-15,601899,14:05:39,1,3.57,50,18192
2015-12-15,601899,14:05:34,2,3.58,32,11456
2015-12-15,601899,14:05:29,2,3.58,382,136756
2015-12-15,601899,14:05:24,2,3.58,50,17900
2015-12-15,601899,14:05:19,1,3.57,7,2684
2015-12-15,601899,14:05:14,1,3.57,96,34614
2015-12-15,601899,14:05:09,2,3.58,18,6444
2015-12-15,601899,14:05:04,1,3.57,592,211344
2015-12-15,601899,14:04:59,1,3.57,1526,544782
2015-12-15,601899,14:04:49,1,3.57,634,226338
2015-12-15,601899,14:04:39,2,3.58,109,39036
2015-12-15,601899,14:04:34,2,3.58,124,44392
2015-12-15,601899,14:04:24,2,3.58,358,128507
2015-12-15,601899,14:04:19,1,3.57,214,76398
2015-12-15,601899,14:04:09,2,3.58,246,88068
2015-12-15,601899,14:04:04,2,3.58,138,49404
2015-12-15,601899,14:03:59,1,3.57,174,62118
2015-12-15,601899,14:03:54,1,3.57,88,31416
2015-12-15,601899,14:03:49,2,3.58,720,257760
2015-12-15,601899,14:03:38,1,3.57,19,6797
2015-12-15,601899,14:03:33,2,3.58,3220,1153103
2015-12-15,601899,14:03:23,2,3.58,120,42960
2015-12-15,601899,14:03:18,1,3.57,1895,676529
2015-12-15,601899,14:03:08,1,3.57,1948,695436
2015-12-15,601899,14:03:03,2,3.58,42,15379
2015-12-15,601899,14:02:58,1,3.58,191,68564
2015-12-15,601899,14:02:53,1,3.58,686,245588
2015-12-15,601899,14:02:43,2,3.59,1746,626814
2015-12-15,601899,14:02:38,2,3.59,248,89032
2015-12-15,601899,14:02:33,2,3.59,90,32310
2015-12-15,601899,14:02:28,2,3.59,110,39490
2015-12-15,601899,14:02:23,1,3.58,43,15408
2015-12-15,601899,14:02:18,1,3.59,554,198886
2015-12-15,601899,14:02:13,1,3.59,1700,610300
2015-12-15,601899,14:02:08,2,3.6,184,66585
2015-12-15,601899,14:02:03,2,3.6,790,284400
2015-12-15,601899,14:01:58,2,3.6,214,77040
2015-12-15,601899,14:01:53,2,3.6,946,340560
2015-12-15,601899,14:01:48,1,3.59,271,97303
2015-12-15,601899,14:01:43,1,3.59,670,240874
2015-12-15,601899,14:01:38,2,3.6,312,112320
2015-12-15,601899,14:01:33,2,3.6,220,79200
2015-12-15,601899,14:01:28,2,3.6,244,87840
2015-12-15,601899,14:01:23,2,3.6,1132,407520
2015-12-15,601899,14:01:18,2,3.6,911,327974
2015-12-15,601899,14:01:13,2,3.6,984,354240
2015-12-15,601899,14:01:08,2,3.6,668,240480
2015-12-15,601899,14:01:03,2,3.6,1946,700905
2015-12-15,601899,14:00:58,2,3.6,805,289814
2015-12-15,601899,14:00:53,1,3.59,122,44142
2015-12-15,601899,14:00:48,1,3.59,170,61030
2015-12-15,601899,14:00:43,1,3.59,3415,1225999
2015-12-15,601899,14:00:38,2,3.6,2194,790185
2015-12-15,601899,14:00:33,1,3.59,499,179155
2015-12-15,601899,14:00:28,1,3.59,268,96212
2015-12-15,601899,14:00:23,2,3.6,238,86025
2015-12-15,601899,14:00:18,2,3.59,64,23148
2015-12-15,601899,14:00:13,2,3.59,1310,470290
2015-12-15,601899,14:00:07,2,3.59,2787,1000547
2015-12-15,601899,14:00:02,2,3.59,2626,942734
2015-12-15,601899,13:59:57,2,3.59,1030,369770
2015-12-15,601899,13:59:52,2,3.59,790,283954
2015-12-15,601899,13:59:47,2,3.59,774,277866
2015-12-15,601899,13:59:42,2,3.59,120,43080
2015-12-15,601899,13:59:37,1,3.58,616,220528
2015-12-15,601899,13:59:32,2,3.58,3319,1188216
2015-12-15,601899,13:59:27,2,3.58,812,291039
2015-12-15,601899,13:59:22,2,3.58,85,30444
2015-12-15,601899,13:59:17,1,3.57,554,198120
2015-12-15,601899,13:59:12,2,3.58,1928,690224
2015-12-15,601899,13:59:07,2,3.58,363,129968
2015-12-15,601899,13:59:02,1,3.57,284,101730
2015-12-15,601899,13:58:57,1,3.57,651,232421
2015-12-15,601899,13:58:52,2,3.58,320,114560
2015-12-15,601899,13:58:47,1,3.57,38,13566
2015-12-15,601899,13:58:42,2,3.58,96,34711
2015-12-15,601899,13:58:37,1,3.57,148,52836
2015-12-15,601899,13:58:32,2,3.57,356,127291
2015-12-15,601899,13:58:27,2,3.57,230,82452
2015-12-15,601899,13:58:22,2,3.57,182,64974
2015-12-15,601899,13:58:17,2,3.57,197,70343
2015-12-15,601899,13:58:12,2,3.57,186,66744
2015-12-15,601899,13:58:07,1,3.56,123,43802
2015-12-15,601899,13:58:02,2,3.57,388,138858
2015-12-15,601899,13:57:57,2,3.57,729,260267
2015-12-15,601899,13:57:52,2,3.57,1848,659736
2015-12-15,601899,13:57:47,1,3.56,574,204344
2015-12-15,601899,13:57:42,1,3.56,84,30245
2015-12-15,601899,13:57:37,2,3.57,480,171360
2015-12-15,601899,13:57:32,2,3.57,92,32844
2015-12-15,601899,13:57:27,2,3.57,188,67116
2015-12-15,601899,13:57:22,2,3.57,1332,475524
2015-12-15,601899,13:57:17,2,3.57,86,30702
2015-12-15,601899,13:57:12,2,3.57,80,28560
2015-12-15,601899,13:57:07,2,3.57,52,18564
2015-12-15,601899,13:57:02,2,3.57,43,15365
2015-12-15,601899,13:56:57,2,3.57,138,49266
2015-12-15,601899,13:56:52,2,3.57,708,253098
2015-12-15,601899,13:56:47,2,3.57,80,28560
2015-12-15,601899,13:56:37,2,3.57,35,12509
2015-12-15,601899,13:56:32,2,3.57,12,4626
2015-12-15,601899,13:56:26,2,3.57,11,3941
2015-12-15,601899,13:56:21,2,3.57,24,8568
2015-12-15,601899,13:56:16,2,3.57,138,49266
2015-12-15,601899,13:56:11,2,3.57,20,7482
2015-12-15,601899,13:56:06,1,3.56,19,6778
2015-12-15,601899,13:56:01,2,3.57,94,33558
2015-12-15,601899,13:55:56,2,3.57,128,46038
2015-12-15,601899,13:55:51,2,3.57,23,8225
2015-12-15,601899,13:55:46,2,3.57,228,81738
2015-12-15,601899,13:55:41,2,3.57,2,714
2015-12-15,601899,13:55:36,1,3.56,43,15322
2015-12-15,601899,13:55:31,1,3.56,150,53741
2015-12-15,601899,13:55:26,1,3.56,13,4642
2015-12-15,601899,13:55:21,1,3.56,244,87205
2015-12-15,601899,13:55:16,1,3.56,35,12474
2015-12-15,601899,13:55:11,2,3.57,234,83538
2015-12-15,601899,13:55:06,1,3.56,154,54824
2015-12-15,601899,13:55:01,1,3.56,670,238520
2015-12-15,601899,13:54:51,2,3.57,634,226338
2015-12-15,601899,13:54:46,1,3.56,42,15293
2015-12-15,601899,13:54:41,1,3.56,223,79402
2015-12-15,601899,13:54:36,2,3.57,212,76026
2015-12-15,601899,13:54:31,1,3.56,8,2848
2015-12-15,601899,13:54:26,1,3.56,118,42008
2015-12-15,601899,13:54:21,1,3.56,12,4272
2015-12-15,601899,13:54:16,1,3.56,11,3930
2015-12-15,601899,13:54:11,2,3.57,394,140658
2015-12-15,601899,13:54:06,2,3.57,212,75684
2015-12-15,601899,13:54:01,1,3.56,40,14581
2015-12-15,601899,13:53:56,2,3.57,369,131747
2015-12-15,601899,13:53:51,2,3.57,48,17478
2015-12-15,601899,13:53:46,2,3.57,18,6426
2015-12-15,601899,13:53:41,2,3.57,108,38556
2015-12-15,601899,13:53:36,1,3.56,21,7490
2015-12-15,601899,13:53:31,2,3.57,178,63888
2015-12-15,601899,13:53:26,2,3.57,58,20706
2015-12-15,601899,13:53:16,2,3.57,80,28560
2015-12-15,601899,13:53:11,1,3.56,59,21018
2015-12-15,601899,13:53:06,1,3.56,48,17088
2015-12-15,601899,13:53:01,1,3.56,512,182613
2015-12-15,601899,13:52:56,1,3.56,10,3560
2015-12-15,601899,13:52:51,1,3.56,15,5354
2015-12-15,601899,13:52:45,1,3.56,820,291920
2015-12-15,601899,13:52:40,2,3.57,142,50694
2015-12-15,601899,13:52:30,1,3.56,806,287277
2015-12-15,601899,13:52:25,2,3.57,27,9653
2015-12-15,601899,13:52:20,1,3.56,42,14952
2015-12-15,601899,13:52:15,2,3.57,22,7854
2015-12-15,601899,13:52:10,1,3.56,170,60520
2015-12-15,601899,13:52:05,2,3.57,4,1770
2015-12-15,601899,13:52:00,2,3.57,108,38556
2015-12-15,601899,13:51:55,2,3.57,39,13937
2015-12-15,601899,13:51:50,1,3.56,42,14952
2015-12-15,601899,13:51:45,2,3.57,24,8910
2015-12-15,601899,13:51:40,1,3.56,289,103040
2015-12-15,601899,13:51:35,1,3.56,2,1053
2015-12-15,601899,13:51:25,2,3.57,91,32501
2015-12-15,601899,13:51:20,1,3.56,31,11050
2015-12-15,601899,13:51:15,2,3.57,105,37813
2015-12-15,601899,13:51:10,1,3.56,90,32068
2015-12-15,601899,13:51:05,2,3.57,166,59433
2015-12-15,601899,13:50:51,1,3.56,30,11021
2015-12-15,601899,13:50:46,1,3.56,52,18512
2015-12-15,601899,13:50:41,1,3.56,538,191528
2015-12-15,601899,13:50:36,1,3.56,75,26714
2015-12-15,601899,13:50:26,1,3.56,68,24378
2015-12-15,601899,13:50:21,1,3.56,312,111072
2015-12-15,601899,13:50:11,1,3.56,174,61944
2015-12-15,601899,13:50:01,1,3.56,182,64792
2015-12-15,601899,13:49:56,1,3.56,220,78320
2015-12-15,601899,13:49:41,1,3.56,40,14240
2015-12-15,601899,13:49:36,2,3.57,678,242388
2015-12-15,601899,13:49:26,2,3.57,147,52493
2015-12-15,601899,13:49:16,2,3.57,10,3570
2015-12-15,601899,13:49:11,2,3.57,662,236676
2015-12-15,601899,13:48:56,1,3.56,12,4272
2015-12-15,601899,13:48:51,2,3.57,468,167076
2015-12-15,601899,13:48:41,1,3.56,33,11762
2015-12-15,601899,13:48:36,1,3.56,54,19565
2015-12-15,601899,13:48:26,2,3.57,10,3598
2015-12-15,601899,13:48:21,1,3.56,73,26315
2015-12-15,601899,13:48:11,1,3.56,86,30644
2015-12-15,601899,13:48:06,1,3.56,9,3531
2015-12-15,601899,13:48:01,1,3.56,37,13186
2015-12-15,601899,13:47:56,1,3.56,26,9256
2015-12-15,601899,13:47:51,2,3.57,402,143514
2015-12-15,601899,13:47:41,1,3.56,398,141688
2015-12-15,601899,13:47:36,1,3.56,14,4984
2015-12-15,601899,13:47:31,1,3.56,293,104322
2015-12-15,601899,13:47:21,1,3.56,14,5325
2015-12-15,601899,13:47:16,1,3.56,424,150944
2015-12-15,601899,13:47:11,1,3.56,1004,357424
2015-12-15,601899,13:47:06,2,3.57,397,141743
2015-12-15,601899,13:47:01,2,3.56,1359,483960
2015-12-15,601899,13:46:51,1,3.55,80,28400
2015-12-15,601899,13:46:46,2,3.56,1228,437367
2015-12-15,601899,13:46:36,2,3.56,74,26685
2015-12-15,601899,13:46:31,2,3.56,338,120669
2015-12-15,601899,13:46:26,2,3.56,305,108594
2015-12-15,601899,13:46:16,2,3.56,58,20648
2015-12-15,601899,13:46:11,2,3.56,1532,545392
2015-12-15,601899,13:46:01,1,3.56,4730,1684050
2015-12-15,601899,13:45:46,2,3.57,40,14280
2015-12-15,601899,13:45:41,2,3.57,81,28931
2015-12-15,601899,13:45:36,1,3.56,180,64080
2015-12-15,601899,13:45:31,1,3.56,210,74760
2015-12-15,601899,13:45:26,1,3.56,368,131178
2015-12-15,601899,13:45:16,1,3.56,126,45197
2015-12-15,601899,13:45:11,1,3.56,312,111072
2015-12-15,601899,13:45:06,2,3.56,3363,1197242
2015-12-15,601899,13:44:56,1,3.55,320,113600
2015-12-15,601899,13:44:51,2,3.56,156,55536
2015-12-15,601899,13:44:46,2,3.56,279,99338
2015-12-15,601899,13:44:41,2,3.56,1124,400485
2015-12-15,601899,13:44:36,2,3.56,1692,602693
2015-12-15,601899,13:44:26,1,3.55,387,137399
2015-12-15,601899,13:44:21,2,3.56,570,202920
2015-12-15,601899,13:44:11,2,3.56,368,131008
2015-12-15,601899,13:44:06,1,3.55,886,314870
2015-12-15,601899,13:43:56,1,3.55,25,8889
2015-12-15,601899,13:43:51,2,3.56,628,223568
2015-12-15,601899,13:43:41,1,3.55,113,40129
2015-12-15,601899,13:43:35,1,3.55,137,48961
2015-12-15,601899,13:43:30,2,3.56,156,55536
2015-12-15,601899,13:43:30,1,3.55,16,5680
2015-12-15,601899,13:43:20,2,3.56,528,187968
2015-12-15,601899,13:43:15,1,3.55,438,155518
2015-12-15,601899,13:43:10,1,3.55,178,63530
2015-12-15,601899,13:43:05,2,3.56,349,124258
2015-12-15,601899,13:43:00,2,3.56,253,90395
2015-12-15,601899,13:42:50,2,3.56,261,92930
2015-12-15,601899,13:42:45,2,3.56,2153,766482
2015-12-15,601899,13:42:30,1,3.55,44,15620
2015-12-15,601899,13:42:25,2,3.56,901,321083
2015-12-15,601899,13:42:20,1,3.55,174,61798
2015-12-15,601899,13:42:15,1,3.55,145,51801
2015-12-15,601899,13:42:10,2,3.56,361,128530
2015-12-15,601899,13:42:00,2,3.56,112,39872
2015-12-15,601899,13:41:55,2,3.56,77,27426
2015-12-15,601899,13:41:50,2,3.56,272,97173
2015-12-15,601899,13:41:45,2,3.56,164,58384
2015-12-15,601899,13:41:40,1,3.56,6288,2238727
2015-12-15,601899,13:41:35,2,3.57,1151,410921
2015-12-15,601899,13:41:30,2,3.57,116,41754
2015-12-15,601899,13:41:20,2,3.57,207,73913
2015-12-15,601899,13:41:10,1,3.56,150,53400
2015-12-15,601899,13:41:05,1,3.56,328,117109
2015-12-15,601899,13:40:55,1,3.56,53,18882
2015-12-15,601899,13:40:50,2,3.57,5430,1938510
2015-12-15,601899,13:40:40,2,3.57,280,99960
2015-12-15,601899,13:40:35,1,3.56,116,41637
2015-12-15,601899,13:40:25,1,3.56,944,336064
2015-12-15,601899,13:40:20,1,3.56,44,15664
2015-12-15,601899,13:40:15,2,3.57,214,76398
2015-12-15,601899,13:40:15,1,3.56,536,190816
2015-12-15,601899,13:40:05,2,3.57,864,308448
2015-12-15,601899,13:39:55,1,3.56,232,82592
2015-12-15,601899,13:39:50,2,3.57,561,200291
2015-12-15,601899,13:39:35,1,3.56,126,45197
2015-12-15,601899,13:39:30,1,3.56,495,176234
2015-12-15,601899,13:39:25,2,3.57,26,9282
2015-12-15,601899,13:39:20,2,3.57,96,34272
2015-12-15,601899,13:39:15,1,3.56,988,352069
2015-12-15,601899,13:38:55,2,3.57,127,45353
2015-12-15,601899,13:38:50,1,3.56,8016,2854037
2015-12-15,601899,13:38:45,1,3.56,497,176946
2015-12-15,601899,13:38:30,2,3.57,196,69972
2015-12-15,601899,13:38:25,1,3.56,146,51976
2015-12-15,601899,13:38:25,2,3.57,4,1770
2015-12-15,601899,13:38:15,1,3.56,11,3930
2015-12-15,601899,13:38:10,1,3.57,810,289341
2015-12-15,601899,13:38:00,1,3.57,96,34272
2015-12-15,601899,13:37:55,1,3.57,292,104244
2015-12-15,601899,13:37:45,1,3.57,1686,602244
2015-12-15,601899,13:37:30,1,3.57,184,65688
2015-12-15,601899,13:37:25,2,3.58,301,107772
2015-12-15,601899,13:37:20,2,3.58,588,210504
2015-12-15,601899,13:37:15,1,3.57,233,83195
2015-12-15,601899,13:37:10,1,3.57,13,4969
2015-12-15,601899,13:37:05,1,3.57,899,320957
2015-12-15,601899,13:36:55,1,3.57,140,50322
2015-12-15,601899,13:36:40,1,3.57,642,229222
2015-12-15,601899,13:36:25,1,3.57,312,111384
2015-12-15,601899,13:36:10,2,3.58,214,76955
2015-12-15,601899,13:36:05,1,3.57,236,84252
2015-12-15,601899,13:35:55,1,3.57,618,220626
2015-12-15,601899,13:35:50,1,3.57,246,87822
2015-12-15,601899,13:35:40,1,3.57,60,21420
2015-12-15,601899,13:35:35,1,3.57,98,35328
2015-12-15,601899,13:35:30,2,3.58,30,10740
2015-12-15,601899,13:35:25,2,3.58,53,18988
2015-12-15,601899,13:35:20,2,3.58,52,18959
2015-12-15,601899,13:35:10,1,3.57,9,3227
2015-12-15,601899,13:35:05,1,3.57,108,38898
2015-12-15,601899,13:34:55,2,3.58,5030,1800740
2015-12-15,601899,13:34:50,2,3.58,219,78416
2015-12-15,601899,13:34:40,2,3.58,58,20764
2015-12-15,601899,13:34:35,2,3.58,14,5012
2015-12-15,601899,13:34:30,2,3.58,310,111323
2015-12-15,601899,13:34:20,2,3.58,58,20764
2015-12-15,601899,13:34:15,2,3.58,61,21852
2015-12-15,601899,13:34:10,2,3.58,48,17184
2015-12-15,601899,13:34:05,1,3.57,624,222768
2015-12-15,601899,13:34:00,2,3.58,248,89127
2015-12-15,601899,13:33:55,1,3.57,172,61404
2015-12-15,601899,13:33:50,2,3.58,410,146780
2015-12-15,601899,13:33:45,1,3.57,66,23562
2015-12-15,601899,13:33:40,2,3.58,313,112068
2015-12-15,601899,13:33:30,1,3.57,130,46410
2015-12-15,601899,13:33:25,2,3.58,2766,990571
2015-12-15,601899,13:33:15,1,3.57,58,20706
2015-12-15,601899,13:33:10,2,3.58,342,122436
2015-12-15,601899,13:33:05,2,3.58,250,89500
2015-12-15,601899,13:33:00,1,3.57,100,35700
2015-12-15,601899,13:32:55,2,3.58,382,136756
2015-12-15,601899,13:32:44,2,3.58,131,46912
2015-12-15,601899,13:32:39,2,3.58,722,258476
2015-12-15,601899,13:32:29,2,3.58,114,40812
2015-12-15,601899,13:32:24,2,3.58,268,96287
2015-12-15,601899,13:32:14,2,3.58,683,244528
2015-12-15,601899,13:32:04,2,3.58,188,67647
2015-12-15,601899,13:31:59,2,3.58,986,352988
2015-12-15,601899,13:31:49,1,3.57,64,22848
2015-12-15,601899,13:31:44,1,3.57,154,54978
2015-12-15,601899,13:31:34,2,3.58,264,94512
2015-12-15,601899,13:31:29,2,3.58,270,96860
2015-12-15,601899,13:31:19,2,3.58,904,323632
2015-12-15,601899,13:31:04,2,3.58,350,125300
2015-12-15,601899,13:30:59,2,3.58,76,27208
2015-12-15,601899,13:30:54,2,3.58,154,55475
2015-12-15,601899,13:30:54,1,3.57,68,24276
2015-12-15,601899,13:30:44,2,3.58,39,13976
2015-12-15,601899,13:30:39,2,3.58,586,210131
2015-12-15,601899,13:30:29,2,3.58,204,73032
2015-12-15,601899,13:30:24,1,3.57,44,15708
2015-12-15,601899,13:30:24,1,3.57,37,13223
2015-12-15,601899,13:30:14,1,3.57,34,12138
2015-12-15,601899,13:30:09,1,3.57,780,278460
2015-12-15,601899,13:29:54,2,3.58,40,14663
2015-12-15,601899,13:29:44,1,3.57,57,20363
2015-12-15,601899,13:29:39,1,3.57,410,146370
2015-12-15,601899,13:29:29,2,3.58,18,6444
2015-12-15,601899,13:29:24,2,3.58,78,28267
2015-12-15,601899,13:29:14,1,3.57,161,57491
2015-12-15,601899,13:29:09,1,3.57,920,328440
2015-12-15,601899,13:28:54,2,3.58,116,41871
2015-12-15,601899,13:28:39,1,3.57,184,65688
2015-12-15,601899,13:28:34,2,3.58,233,83428
2015-12-15,601899,13:28:24,2,3.58,114,40812
2015-12-15,601899,13:28:14,2,3.58,106,37948
2015-12-15,601899,13:28:09,1,3.57,28,10338
2015-12-15,601899,13:28:04,1,3.57,1135,405209
2015-12-15,601899,13:27:54,2,3.58,68,24687
2015-12-15,601899,13:27:49,2,3.58,767,274600
2015-12-15,601899,13:27:44,2,3.58,724,259192
2015-12-15,601899,13:27:39,2,3.58,156,55848
2015-12-15,601899,13:27:34,1,3.57,208,74598
2015-12-15,601899,13:27:29,1,3.57,98,34986
2015-12-15,601899,13:27:24,1,3.57,26,9282
2015-12-15,601899,13:27:19,2,3.58,817,292500
2015-12-15,601899,13:27:04,2,3.57,864,308448
2015-12-15,601899,13:26:59,2,3.57,392,139944
2015-12-15,601899,13:26:54,1,3.56,106,37736
2015-12-15,601899,13:26:49,2,3.57,276,98532
2015-12-15,601899,13:26:44,2,3.57,462,164934
2015-12-15,601899,13:26:34,2,3.57,104,37128
2015-12-15,601899,13:26:29,2,3.57,866,309162
2015-12-15,601899,13:26:19,1,3.56,36,13157
2015-12-15,601899,13:26:14,2,3.57,59,21077
2015-12-15,601899,13:26:09,1,3.56,580,206821
2015-12-15,601899,13:25:59,2,3.57,508,181356
2015-12-15,601899,13:25:49,2,3.57,112,39984
2015-12-15,601899,13:25:44,2,3.57,114,40698
2015-12-15,601899,13:25:39,1,3.56,15,5354
2015-12-15,601899,13:25:34,1,3.56,60,21360
2015-12-15,601899,13:25:29,1,3.56,354,126365
2015-12-15,601899,13:25:24,2,3.57,3501,1250042
2015-12-15,601899,13:25:24,1,3.56,58,20648
2015-12-15,601899,13:25:14,2,3.57,312,111384
2015-12-15,601899,13:25:09,2,3.57,1656,591534
2015-12-15,601899,13:25:04,1,3.56,561,199730
2015-12-15,601899,13:24:59,2,3.57,316,112812
2015-12-15,601899,13:24:54,1,3.56,102,36653
2015-12-15,601899,13:24:44,2,3.57,393,140315
2015-12-15,601899,13:24:29,2,3.57,126,45324
2015-12-15,601899,13:24:24,2,3.57,349,124607
2015-12-15,601899,13:24:14,2,3.57,50,17850
2015-12-15,601899,13:24:09,1,3.56,284,101104
2015-12-15,601899,13:24:04,2,3.57,96,34614
2015-12-15,601899,13:23:54,1,3.56,146,51976
2015-12-15,601899,13:23:49,2,3.57,370,132090
2015-12-15,601899,13:23:39,2,3.57,319,113897
2015-12-15,601899,13:23:24,2,3.57,248,88536
2015-12-15,601899,13:23:14,2,3.57,44,16050
2015-12-15,601899,13:23:09,1,3.56,187,66586
2015-12-15,601899,13:23:04,2,3.57,116,41754
2015-12-15,601899,13:23:04,2,3.57,99,35357
2015-12-15,601899,13:22:54,1,3.56,22,8173
2015-12-15,601899,13:22:49,1,3.56,56,19936
2015-12-15,601899,13:22:44,2,3.57,48,17136
2015-12-15,601899,13:22:39,1,3.56,1724,613744
2015-12-15,601899,13:22:34,2,3.57,693,247415
2015-12-15,601899,13:22:19,2,3.57,594,212400
2015-12-15,601899,13:22:09,2,3.57,255,91277
2015-12-15,601899,13:21:59,1,3.56,116,41637
2015-12-15,601899,13:21:54,1,3.56,244,86864
2015-12-15,601899,13:21:44,1,3.56,88,31669
2015-12-15,601899,13:21:39,2,3.57,3,1085
2015-12-15,601899,13:21:34,2,3.57,60,21762
2015-12-15,601899,13:21:24,2,3.57,105,37499
2015-12-15,601899,13:21:19,2,3.57,337,120323
2015-12-15,601899,13:21:08,2,3.57,160,57120
2015-12-15,601899,13:21:08,1,3.56,510,181901
2015-12-15,601899,13:20:53,2,3.57,298,106386
2015-12-15,601899,13:20:43,1,3.56,172,61232
2015-12-15,601899,13:20:38,1,3.56,212,75813
2015-12-15,601899,13:20:33,2,3.57,261,93191
2015-12-15,601899,13:20:23,1,3.56,333,118562
2015-12-15,601899,13:20:08,2,3.57,64,22848
2015-12-15,601899,13:20:03,1,3.56,544,194005
2015-12-15,601899,13:19:53,1,3.56,107,38106
2015-12-15,601899,13:19:48,2,3.57,993,354829
2015-12-15,601899,13:19:38,2,3.57,59,21077
2015-12-15,601899,13:19:33,2,3.57,95,33929
2015-12-15,601899,13:19:23,2,3.57,26,9624
2015-12-15,601899,13:19:18,2,3.57,748,267036
2015-12-15,601899,13:19:08,1,3.56,105,37394
2015-12-15,601899,13:19:03,1,3.56,632,225333
2015-12-15,601899,13:18:53,2,3.57,363,129605
2015-12-15,601899,13:18:48,1,3.56,185,66187
2015-12-15,601899,13:18:43,2,3.57,460,164220
2015-12-15,601899,13:18:38,2,3.57,646,230650
2015-12-15,601899,13:18:33,2,3.57,29,10681
2015-12-15,601899,13:18:28,2,3.57,260,92820
2015-12-15,601899,13:18:23,2,3.57,93,33215
2015-12-15,601899,13:18:18,2,3.57,380,135660
2015-12-15,601899,13:18:13,2,3.57,874,312360
2015-12-15,601899,13:18:03,2,3.57,1135,405209
2015-12-15,601899,13:17:48,2,3.57,116,41754
2015-12-15,601899,13:17:43,2,3.57,130,46438
2015-12-15,601899,13:17:23,1,3.57,1578,563517
2015-12-15,601899,13:17:13,1,3.57,230,82452
2015-12-15,601899,13:17:08,2,3.58,73,26148
2015-12-15,601899,13:16:58,1,3.57,230,82110
2015-12-15,601899,13:16:43,1,3.57,14,4998
2015-12-15,601899,13:16:38,2,3.58,14,5012
2015-12-15,601899,13:16:28,1,3.57,76,27474
2015-12-15,601899,13:16:23,1,3.57,138,49465
2015-12-15,601899,13:16:13,1,3.57,44,15708
2015-12-15,601899,13:16:08,1,3.57,396,141714
2015-12-15,601899,13:15:58,1,3.57,88,31416
2015-12-15,601899,13:15:53,1,3.57,35,12509
2015-12-15,601899,13:15:48,1,3.57,229,82081
2015-12-15,601899,13:15:43,1,3.57,22,7882
2015-12-15,601899,13:15:38,1,3.57,20,7140
2015-12-15,601899,13:15:33,2,3.57,166,59604
2015-12-15,601899,13:15:23,2,3.57,436,155652
2015-12-15,601899,13:15:13,2,3.57,169,60347
2015-12-15,601899,13:15:08,2,3.57,68,24618
2015-12-15,601899,13:15:03,1,3.57,1458,520506
2015-12-15,601899,13:14:53,1,3.57,154,55320
2015-12-15,601899,13:14:38,2,3.58,35,12544
2015-12-15,601899,13:14:33,1,3.57,4,1428
2015-12-15,601899,13:14:28,2,3.58,44,16095
2015-12-15,601899,13:14:23,1,3.57,38,13594
2015-12-15,601899,13:14:18,1,3.57,61,22105
2015-12-15,601899,13:14:13,1,3.57,26,9310
2015-12-15,601899,13:14:08,2,3.57,249,89221
2015-12-15,601899,13:14:03,1,3.56,252,89712
2015-12-15,601899,13:13:53,2,3.57,287,102473
2015-12-15,601899,13:13:48,2,3.57,416,148854
2015-12-15,601899,13:13:33,1,3.56,45,16034
2015-12-15,601899,13:13:28,1,3.57,289,103187
2015-12-15,601899,13:13:18,1,3.57,0,342
2015-12-15,601899,13:13:13,2,3.57,14752,5266464
2015-12-15,601899,13:12:53,2,3.57,23,8225
2015-12-15,601899,13:12:48,1,3.57,1155,412492
2015-12-15,601899,13:12:38,2,3.58,368,131744
2015-12-15,601899,13:12:33,2,3.58,1,372
2015-12-15,601899,13:12:28,1,3.57,1102,393414
2015-12-15,601899,13:12:18,2,3.58,56,20048
2015-12-15,601899,13:12:08,2,3.58,52,18959
2015-12-15,601899,13:12:03,2,3.58,41,14692
2015-12-15,601899,13:11:53,1,3.57,578,206688
2015-12-15,601899,13:11:38,2,3.57,2194,783429
2015-12-15,601899,13:11:23,2,3.57,141,50351
2015-12-15,601899,13:11:18,2,3.57,258,92448
2015-12-15,601899,13:11:03,2,3.57,63,22505
2015-12-15,601899,13:10:58,1,3.57,5266,1880133
2015-12-15,601899,13:10:48,2,3.58,241,86292
2015-12-15,601899,13:10:43,1,3.57,106,38184
2015-12-15,601899,13:10:33,1,3.57,110,39270
2015-12-15,601899,13:10:28,2,3.58,67,24000
2015-12-15,601899,13:10:18,2,3.58,68,24344
2015-12-15,601899,13:10:13,1,3.57,34,12138
2015-12-15,601899,13:10:03,2,3.58,20,7160
2015-12-15,601899,13:09:58,2,3.58,74,26492
2015-12-15,601899,13:09:48,1,3.57,18,6768
2015-12-15,601899,13:09:43,1,3.57,616,219912
2015-12-15,601899,13:09:33,2,3.58,2,716
2015-12-15,601899,13:09:28,2,3.58,123,44048
2015-12-15,601899,13:09:18,1,3.57,368,131376
2015-12-15,601899,13:09:13,1,3.57,72,26046
2015-12-15,601899,13:09:08,1,3.57,278,99246
2015-12-15,601899,13:08:57,2,3.58,87,31160
2015-12-15,601899,13:08:42,1,3.57,570,203832
2015-12-15,601899,13:08:27,2,3.58,129,46196
2015-12-15,601899,13:08:22,2,3.58,50,18243
2015-12-15,601899,13:08:17,1,3.57,128,45696
2015-12-15,601899,13:08:12,2,3.58,104,37232
2015-12-15,601899,13:08:07,2,3.58,168,60144
2015-12-15,601899,13:07:57,1,3.57,57,20363
2015-12-15,601899,13:07:47,1,3.57,0,342
2015-12-15,601899,13:07:42,1,3.57,108,38556
2015-12-15,601899,13:07:37,1,3.57,256,91392
2015-12-15,601899,13:07:27,1,3.57,3,1085
2015-12-15,601899,13:07:22,1,3.57,30,10710
2015-12-15,601899,13:07:17,1,3.57,136,48552
2015-12-15,601899,13:07:17,1,3.57,20,7140
2015-12-15,601899,13:07:07,1,3.57,232,82824
2015-12-15,601899,13:06:57,1,3.57,46,16764
2015-12-15,601899,13:06:52,2,3.58,111,39752
2015-12-15,601899,13:06:37,2,3.58,166,59771
2015-12-15,601899,13:06:22,1,3.57,243,86765
2015-12-15,601899,13:06:17,1,3.57,92,33186
2015-12-15,601899,13:06:07,1,3.57,29,10367
2015-12-15,601899,13:06:02,1,3.57,6,2142
2015-12-15,601899,13:05:52,1,3.57,10,3912
2015-12-15,601899,13:05:47,2,3.58,78,27924
2015-12-15,601899,13:05:47,1,3.57,11,3941
2015-12-15,601899,13:05:37,2,3.58,154,55132
2015-12-15,601899,13:05:32,1,3.57,296,106014
2015-12-15,601899,13:05:22,2,3.58,291,104192
2015-12-15,601899,13:05:17,2,3.58,156,56191
2015-12-15,601899,13:05:07,2,3.58,75,26864
2015-12-15,601899,13:05:02,1,3.57,146,52122
2015-12-15,601899,13:04:57,2,3.58,706,253091
2015-12-15,601899,13:04:52,2,3.58,103,36888
2015-12-15,601899,13:04:47,1,3.57,354,126720
2015-12-15,601899,13:04:42,1,3.57,2,714
2015-12-15,601899,13:04:37,1,3.57,10,3570
2015-12-15,601899,13:04:32,2,3.58,156,55848
2015-12-15,601899,13:04:17,1,3.57,306,109242
2015-12-15,601899,13:04:02,2,3.58,11,3952
2015-12-15,601899,13:03:57,1,3.57,80,28560
2015-12-15,601899,13:03:47,2,3.58,6,2148
2015-12-15,601899,13:03:42,2,3.58,4,1775
2015-12-15,601899,13:03:37,2,3.58,29,10396
2015-12-15,601899,13:03:32,2,3.58,222,79476
2015-12-15,601899,13:03:27,1,3.57,102,36414
2015-12-15,601899,13:03:12,1,3.57,88,31758
2015-12-15,601899,13:03:07,2,3.58,315,112784
2015-12-15,601899,13:02:57,2,3.58,216,77328
2015-12-15,601899,13:02:47,1,3.57,112,40326
2015-12-15,601899,13:02:42,2,3.58,51,18272
2015-12-15,601899,13:02:32,1,3.57,26,9282
2015-12-15,601899,13:02:27,1,3.57,12,4284
2015-12-15,601899,13:02:22,1,3.57,478,170646
2015-12-15,601899,13:02:07,1,3.57,50,18192
2015-12-15,601899,13:02:02,1,3.57,245,87479
2015-12-15,601899,13:01:57,1,3.57,218,77826
2015-12-15,601899,13:01:47,2,3.58,462,165739
2015-12-15,601899,13:01:42,2,3.58,22,7876
2015-12-15,601899,13:01:37,2,3.58,44,15752
2015-12-15,601899,13:01:27,1,3.57,78,27846
2015-12-15,601899,13:01:17,2,3.58,163,58368
2015-12-15,601899,13:01:12,1,3.57,187,66916
2015-12-15,601899,13:00:57,1,3.57,20,7140
2015-12-15,601899,13:00:47,1,3.57,25,8939
2015-12-15,601899,13:00:42,1,3.57,1202,429456
2015-12-15,601899,13:00:32,2,3.58,161,57652
2015-12-15,601899,13:00:27,1,3.57,252,90306
2015-12-15,601899,13:00:17,1,3.57,218,77826
2015-12-15,601899,13:00:12,2,3.57,7573,2703689
2015-12-15,601899,11:30:10,2,3.57,13,4655
2015-12-15,601899,11:30:00,2,3.57,313,112069
2015-12-15,601899,11:29:55,1,3.57,5557,1983920
2015-12-15,601899,11:29:45,2,3.58,103,36888
2015-12-15,601899,11:29:40,1,3.57,196,70314
2015-12-15,601899,11:29:30,1,3.57,8,2856
2015-12-15,601899,11:29:25,1,3.57,291,104015
2015-12-15,601899,11:29:04,2,3.58,450,161100
2015-12-15,601899,11:28:49,1,3.57,292,104586
2015-12-15,601899,11:28:34,2,3.58,5,1804
2015-12-15,601899,11:28:29,1,3.57,212,76026
2015-12-15,601899,11:28:19,2,3.58,792,283536
2015-12-15,601899,11:28:14,1,3.57,132,47124
2015-12-15,601899,11:28:09,2,3.58,511,182952
2015-12-15,601899,11:28:04,2,3.58,20,7160
2015-12-15,601899,11:27:59,2,3.58,158,56907
2015-12-15,601899,11:27:49,1,3.57,130,46410
2015-12-15,601899,11:27:44,2,3.58,171,61232
2015-12-15,601899,11:27:34,1,3.57,60,21420
2015-12-15,601899,11:27:29,2,3.58,496,177568
2015-12-15,601899,11:27:19,2,3.58,110,39380
2015-12-15,601899,11:27:14,2,3.58,102,36516
2015-12-15,601899,11:27:09,1,3.57,12,4626
2015-12-15,601899,11:27:09,1,3.57,54,19278
2015-12-15,601899,11:26:59,1,3.57,2552,911064
2015-12-15,601899,11:26:54,1,3.57,10,3570
2015-12-15,601899,11:26:49,1,3.57,31,11081
2015-12-15,601899,11:26:44,2,3.58,38,13604
2015-12-15,601899,11:26:39,2,3.58,250,89843
2015-12-15,601899,11:26:34,2,3.58,184,65872
2015-12-15,601899,11:26:29,1,3.57,38,13566
2015-12-15,601899,11:26:24,2,3.58,210,75180
2015-12-15,601899,11:26:14,2,3.58,43,15408
2015-12-15,601899,11:26:09,2,3.58,272,97376
2015-12-15,601899,11:25:54,1,3.57,56,20334
2015-12-15,601899,11:25:49,1,3.57,32,11424
2015-12-15,601899,11:25:44,2,3.58,23,8248
2015-12-15,601899,11:25:39,2,3.58,238,85204
2015-12-15,601899,11:25:34,1,3.57,2,1056
2015-12-15,601899,11:25:29,2,3.58,55,19704
2015-12-15,601899,11:25:24,2,3.58,136,49031
2015-12-15,601899,11:25:19,2,3.58,68,24344
2015-12-15,601899,11:25:14,2,3.58,65,23284
2015-12-15,601899,11:25:09,1,3.57,152,54264
2015-12-15,601899,11:25:04,1,3.57,48,17478
2015-12-15,601899,11:24:54,1,3.57,231,82481
2015-12-15,601899,11:24:49,2,3.58,186,66588
2015-12-15,601899,11:24:44,2,3.58,545,195296
2015-12-15,601899,11:24:39,1,3.57,26,9624
2015-12-15,601899,11:24:34,2,3.58,486,173988
2015-12-15,601899,11:24:24,1,3.57,24,8910
2015-12-15,601899,11:24:19,1,3.57,83,29645
2015-12-15,601899,11:24:09,1,3.57,38,13566
2015-12-15,601899,11:24:04,1,3.57,366,131004
2015-12-15,601899,11:23:54,1,3.57,95,33929
2015-12-15,601899,11:23:49,2,3.58,24,8592
2015-12-15,601899,11:23:44,2,3.57,99,35357
2015-12-15,601899,11:23:44,2,3.57,46,16764
2015-12-15,601899,11:23:34,2,3.57,406,145284
2015-12-15,601899,11:23:29,2,3.57,151,53921
2015-12-15,601899,11:23:19,1,3.56,256,91477
2015-12-15,601899,11:23:14,1,3.56,133,47362
2015-12-15,601899,11:23:04,2,3.57,70,25332
2015-12-15,601899,11:22:59,2,3.57,381,136031
2015-12-15,601899,11:22:49,2,3.57,337,120323
2015-12-15,601899,11:22:44,2,3.57,1329,474781
2015-12-15,601899,11:22:29,2,3.57,182,65002
2015-12-15,601899,11:22:24,2,3.57,50,18192
2015-12-15,601899,11:22:24,2,3.57,146,52464
2015-12-15,601899,11:22:14,2,3.57,136,48552
2015-12-15,601899,11:22:09,1,3.56,172,61232
2015-12-15,601899,11:21:59,1,3.56,72,25632
2015-12-15,601899,11:21:54,1,3.56,102,36340
2015-12-15,601899,11:21:49,2,3.57,142,51036
2015-12-15,601899,11:21:44,1,3.56,26,9256
2015-12-15,601899,11:21:39,1,3.56,120,43061
2015-12-15,601899,11:21:34,1,3.56,253,90253
2015-12-15,601899,11:21:24,2,3.56,838,298498
2015-12-15,601899,11:21:14,2,3.56,697,248146
2015-12-15,601899,11:21:09,2,3.56,1229,437538
2015-12-15,601899,11:21:04,2,3.56,782,278733
2015-12-15,601899,11:20:54,2,3.56,182,64792
2015-12-15,601899,11:20:49,1,3.56,761,271101
2015-12-15,601899,11:20:39,2,3.57,10258,3662106
2015-12-15,601899,11:20:34,1,3.56,10156,3615877
2015-12-15,601899,11:20:24,2,3.57,39,13937
2015-12-15,601899,11:20:19,2,3.57,10050,3588192
2015-12-15,601899,11:20:14,1,3.56,3643,1296922
2015-12-15,601899,11:20:09,1,3.56,68,24208
2015-12-15,601899,11:20:04,2,3.57,270,96390
2015-12-15,601899,11:19:54,2,3.57,50,18192
2015-12-15,601899,11:19:49,1,3.56,922,328232
2015-12-15,601899,11:19:39,2,3.57,5,1799
2015-12-15,601899,11:19:34,1,3.56,290,103581
2015-12-15,601899,11:19:14,2,3.57,98,34986
2015-12-15,601899,11:19:09,1,3.56,31,11050
2015-12-15,601899,11:19:04,2,3.57,196,69972
2015-12-15,601899,11:18:54,1,3.56,334,118904
2015-12-15,601899,11:18:49,2,3.57,68,24618
2015-12-15,601899,11:18:44,1,3.56,175,62314
2015-12-15,601899,11:18:39,2,3.57,394,140829
2015-12-15,601899,11:18:29,2,3.57,50,17850
2015-12-15,601899,11:18:24,1,3.56,71,25290
2015-12-15,601899,11:18:14,2,3.57,82,29616
2015-12-15,601899,11:18:09,2,3.57,328,117096
2015-12-15,601899,11:17:54,1,3.56,421,149890
2015-12-15,601899,11:17:39,2,3.57,146,52464
2015-12-15,601899,11:17:34,2,3.57,118,42468
2015-12-15,601899,11:17:24,2,3.57,25,8939
2015-12-15,601899,11:17:19,2,3.57,484,172788
2015-12-15,601899,11:17:09,2,3.57,598,213486
2015-12-15,601899,11:17:04,2,3.57,103,36785
2015-12-15,601899,11:16:54,2,3.57,284,101730
2015-12-15,601899,11:16:48,2,3.57,27,9653
2015-12-15,601899,11:16:43,1,3.56,8653,3080795
2015-12-15,601899,11:16:38,2,3.57,154,55006
2015-12-15,601899,11:16:33,2,3.57,3368,1202718
2015-12-15,601899,11:16:23,2,3.57,304,108528
2015-12-15,601899,11:16:18,1,3.57,4065,1451276
2015-12-15,601899,11:16:13,2,3.58,34,12172
2015-12-15,601899,11:16:08,1,3.57,10023,3578225
2015-12-15,601899,11:16:03,1,3.57,50,18192
2015-12-15,601899,11:15:53,1,3.57,218,77826
2015-12-15,601899,11:15:48,2,3.58,39,13976
2015-12-15,601899,11:15:43,1,3.57,202,72114
2015-12-15,601899,11:15:28,2,3.58,270,97003
2015-12-15,601899,11:15:18,2,3.58,38,13604
2015-12-15,601899,11:15:13,1,3.57,418,149226
2015-12-15,601899,11:15:08,2,3.58,79,28296
2015-12-15,601899,11:15:08,2,3.58,168,60487
2015-12-15,601899,11:14:58,2,3.58,44,15752
2015-12-15,601899,11:14:53,1,3.57,87,31073
2015-12-15,601899,11:14:48,1,3.57,106,38184
2015-12-15,601899,11:14:43,1,3.57,229,81767
2015-12-15,601899,11:14:28,2,3.58,160,57280
2015-12-15,601899,11:14:23,2,3.58,66,23971
2015-12-15,601899,11:14:18,1,3.57,150,53550
2015-12-15,601899,11:14:13,2,3.58,68,24344
2015-12-15,601899,11:14:08,1,3.57,140,49980
2015-12-15,601899,11:14:03,2,3.58,778,278524
2015-12-15,601899,11:13:58,1,3.57,84,29988
2015-12-15,601899,11:13:53,2,3.58,213,76268
2015-12-15,601899,11:13:38,1,3.57,52,18564
2015-12-15,601899,11:13:23,2,3.58,68,24687
2015-12-15,601899,11:13:13,2,3.58,106,37948
2015-12-15,601899,11:13:08,2,3.58,829,296796
2015-12-15,601899,11:12:53,2,3.58,212,76239
2015-12-15,601899,11:12:48,1,3.57,185,66059
2015-12-15,601899,11:12:38,2,3.58,242,86636
2015-12-15,601899,11:12:33,2,3.58,626,224108
2015-12-15,601899,11:12:23,1,3.57,152,54606
2015-12-15,601899,11:12:18,1,3.57,128,45696
2015-12-15,601899,11:12:13,1,3.57,123,43925
2015-12-15,601899,11:12:08,2,3.58,48,17527
2015-12-15,601899,11:12:03,2,3.58,35,12544
2015-12-15,601899,11:11:58,1,3.57,10,3570
2015-12-15,601899,11:11:53,2,3.58,22,7876
2015-12-15,601899,11:11:48,2,3.58,386,138531
2015-12-15,601899,11:11:38,2,3.58,1149,411356
2015-12-15,601899,11:11:28,1,3.57,50,18192
2015-12-15,601899,11:11:23,2,3.58,1,372
2015-12-15,601899,11:11:18,1,3.57,138,49266
2015-12-15,601899,11:11:08,1,3.57,394,141000
2015-12-15,601899,11:10:53,1,3.57,58,20706
2015-12-15,601899,11:10:48,1,3.57,53,18935
2015-12-15,601899,11:10:43,2,3.58,82,29699
2015-12-15,601899,11:10:38,1,3.57,575,205289
2015-12-15,601899,11:10:33,2,3.58,524,187935
2015-12-15,601899,11:10:28,1,3.57,91,32501
2015-12-15,601899,11:10:23,2,3.58,92,32936
2015-12-15,601899,11:10:18,1,3.57,702,250956
2015-12-15,601899,11:10:08,2,3.58,53,18988
2015-12-15,601899,11:10:03,1,3.57,176,63174
2015-12-15,601899,11:09:53,1,3.57,16,5712
2015-12-15,601899,11:09:48,2,3.58,107,38320
2015-12-15,601899,11:09:38,2,3.57,896,320157
2015-12-15,601899,11:09:33,2,3.57,936,334152
2015-12-15,601899,11:09:23,2,3.57,364,130290
2015-12-15,601899,11:09:18,1,3.56,1059,377018
2015-12-15,601899,11:09:13,2,3.57,878,313788
2015-12-15,601899,11:09:03,2,3.57,198,70686
2015-12-15,601899,11:08:58,2,3.57,339,121037
2015-12-15,601899,11:08:48,2,3.57,654,233820
2015-12-15,601899,11:08:43,2,3.57,66,23562
2015-12-15,601899,11:08:38,2,3.57,1664,594048
2015-12-15,601899,11:08:33,2,3.57,330,117810
2015-12-15,601899,11:08:28,1,3.57,5426,1937310
2015-12-15,601899,11:08:18,2,3.58,148,52984
2015-12-15,601899,11:08:13,1,3.57,10020,3577482
2015-12-15,601899,11:08:08,2,3.58,1044,373752
2015-12-15,601899,11:08:03,1,3.57,31,11081
2015-12-15,601899,11:07:58,1,3.57,70,24990
2015-12-15,601899,11:07:48,2,3.58,170,61203
2015-12-15,601899,11:07:43,2,3.58,497,177940
2015-12-15,601899,11:07:28,1,3.57,146,52122
2015-12-15,601899,11:07:18,1,3.57,56,19992
2015-12-15,601899,11:07:13,1,3.57,214,76740
2015-12-15,601899,11:07:08,1,3.57,752,268464
2015-12-15,601899,11:07:03,1,3.57,112,39984
2015-12-15,601899,11:06:58,1,3.57,96,34272
2015-12-15,601899,11:06:53,1,3.57,143,51065
2015-12-15,601899,11:06:43,1,3.57,304,108870
2015-12-15,601899,11:06:38,1,3.57,25,8939
2015-12-15,601899,11:06:23,2,3.58,20,7160
2015-12-15,601899,11:06:18,1,3.57,44,15708
2015-12-15,601899,11:06:13,1,3.57,16,6054
2015-12-15,601899,11:06:08,1,3.57,1078,384846
2015-12-15,601899,11:05:53,1,3.57,759,270977
2015-12-15,601899,11:05:38,1,3.57,18,6426
2015-12-15,601899,11:05:33,2,3.58,568,203344
2015-12-15,601899,11:05:23,1,3.57,108,38898
2015-12-15,601899,11:05:18,1,3.57,384,137088
2015-12-15,601899,11:05:08,1,3.57,150,53550
2015-12-15,601899,11:05:03,1,3.57,32,11424
2015-12-15,601899,11:04:53,1,3.57,134,47838
2015-12-15,601899,11:04:48,2,3.58,95,34024
2015-12-15,601899,11:04:38,2,3.58,8,2864
2015-12-15,601899,11:04:33,2,3.58,204,73032
2015-12-15,601899,11:04:23,2,3.58,54,19332
2015-12-15,601899,11:04:18,2,3.58,48,17184
2015-12-15,601899,11:04:13,1,3.57,170,61032
2015-12-15,601899,11:04:02,1,3.57,370,132090
2015-12-15,601899,11:03:47,1,3.57,325,116039
2015-12-15,601899,11:03:32,1,3.57,312,111726
2015-12-15,601899,11:03:27,1,3.57,223,79625
2015-12-15,601899,11:03:17,1,3.57,372,133146
2015-12-15,601899,11:03:12,2,3.58,391,139992
2015-12-15,601899,11:02:57,2,3.58,78,27924
2015-12-15,601899,11:02:47,2,3.58,726,260251
2015-12-15,601899,11:02:42,1,3.57,64,22848
2015-12-15,601899,11:02:32,2,3.58,260,93080
2015-12-15,601899,11:02:22,1,3.57,596,212772
2015-12-15,601899,11:02:07,1,3.57,1615,576569
2015-12-15,601899,11:01:57,1,3.57,94,33558
2015-12-15,601899,11:01:52,1,3.57,16,5712
2015-12-15,601899,11:01:47,1,3.57,304,108642
2015-12-15,601899,11:01:42,2,3.58,400,143200
2015-12-15,601899,11:01:32,2,3.58,268,95944
2015-12-15,601899,11:01:27,2,3.58,212,75981
2015-12-15,601899,11:01:17,2,3.58,110,39723
2015-12-15,601899,11:01:12,2,3.58,1134,405972
2015-12-15,601899,11:01:02,2,3.58,1,372
2015-12-15,601899,11:00:57,1,3.57,32,11424
2015-12-15,601899,11:00:52,2,3.58,980,350840
2015-12-15,601899,11:00:47,1,3.57,226,81024
2015-12-15,601899,11:00:37,2,3.58,108,38664
2015-12-15,601899,11:00:32,1,3.57,277,98903
2015-12-15,601899,11:00:22,1,3.57,3522,1257354
2015-12-15,601899,11:00:17,1,3.57,690,246672
2015-12-15,601899,11:00:12,2,3.58,620,221960
2015-12-15,601899,10:59:57,2,3.58,153,54788
2015-12-15,601899,10:59:52,2,3.58,34,12172
2015-12-15,601899,10:59:47,1,3.57,290,103530
2015-12-15,601899,10:59:42,1,3.57,110,39612
2015-12-15,601899,10:59:32,2,3.58,35,12544
2015-12-15,601899,10:59:27,1,3.57,334,119580
2015-12-15,601899,10:59:17,2,3.58,14,5012
2015-12-15,601899,10:59:12,2,3.58,538,192604
2015-12-15,601899,10:58:57,2,3.58,1023,366248
2015-12-15,601899,10:58:47,2,3.58,224,80192
2015-12-15,601899,10:58:42,2,3.58,8,3207
2015-12-15,601899,10:58:37,2,3.58,10,3580
2015-12-15,601899,10:58:32,1,3.57,276,98532
2015-12-15,601899,10:58:27,1,3.57,46,16422
2015-12-15,601899,10:58:22,2,3.58,217,77700
2015-12-15,601899,10:58:22,2,3.58,10086,3611131
2015-12-15,601899,10:58:12,2,3.58,67,24000
2015-12-15,601899,10:58:07,2,3.58,70,25060
2015-12-15,601899,10:57:57,1,3.58,547,196098
2015-12-15,601899,10:57:52,2,3.59,10544,3785296
2015-12-15,601899,10:57:37,2,3.59,319,114535
2015-12-15,601899,10:57:22,2,3.59,656,235504
2015-12-15,601899,10:57:12,1,3.58,103,36888
2015-12-15,601899,10:57:07,2,3.59,158,57066
2015-12-15,601899,10:56:57,2,3.59,241,86533
2015-12-15,601899,10:56:52,1,3.58,61,22167
2015-12-15,601899,10:56:47,2,3.59,361,129613
2015-12-15,601899,10:56:42,2,3.59,684,245556
2015-12-15,601899,10:56:37,2,3.59,1532,549988
2015-12-15,601899,10:56:32,2,3.59,150,54194
2015-12-15,601899,10:56:22,2,3.59,194,69674
2015-12-15,601899,10:56:16,2,3.59,130,47014
2015-12-15,601899,10:56:06,2,3.59,50,17950
2015-12-15,601899,10:55:56,1,3.58,237,84860
2015-12-15,601899,10:55:41,2,3.59,1490,535254
2015-12-15,601899,10:55:26,1,3.58,163,58368
2015-12-15,601899,10:55:21,2,3.59,162,58502
2015-12-15,601899,10:55:11,1,3.58,492,176136
2015-12-15,601899,10:54:51,2,3.59,146,52414
2015-12-15,601899,10:54:41,1,3.58,133,47628
2015-12-15,601899,10:54:36,1,3.58,78,28267
2015-12-15,601899,10:54:31,1,3.58,248,88784
2015-12-15,601899,10:54:21,2,3.59,29,10425
2015-12-15,601899,10:54:16,2,3.59,278,99974
2015-12-15,601899,10:54:06,1,3.58,38,13604
2015-12-15,601899,10:54:01,1,3.58,50,18243
2015-12-15,601899,10:53:56,2,3.59,242,86906
2015-12-15,601899,10:53:51,1,3.58,149,53671
2015-12-15,601899,10:53:46,2,3.59,34,12234
2015-12-15,601899,10:53:36,1,3.58,340,122063
2015-12-15,601899,10:53:31,2,3.59,558,200322
2015-12-15,601899,10:53:21,1,3.58,106,38291
2015-12-15,601899,10:53:16,1,3.58,1427,510880
2015-12-15,601899,10:53:06,2,3.59,116,41644
2015-12-15,601899,10:53:01,2,3.59,126,45234
2015-12-15,601899,10:52:56,2,3.59,58,21166
2015-12-15,601899,10:52:51,1,3.58,148,52984
2015-12-15,601899,10:52:46,1,3.58,427,152880
2015-12-15,601899,10:52:41,2,3.59,2,718
2015-12-15,601899,10:52:36,1,3.58,17,6100
2015-12-15,601899,10:52:31,1,3.58,168,60144
2015-12-15,601899,10:52:26,1,3.58,0,343
2015-12-15,601899,10:52:21,2,3.59,108,39116
2015-12-15,601899,10:52:16,1,3.58,246,88096
2015-12-15,601899,10:52:11,1,3.58,317,113815
2015-12-15,601899,10:52:01,2,3.59,285,102329
2015-12-15,601899,10:51:46,1,3.58,22,8219
2015-12-15,601899,10:51:41,1,3.58,278,99552
2015-12-15,601899,10:51:26,1,3.58,1773,635063
2015-12-15,601899,10:51:11,1,3.58,467,167200
2015-12-15,601899,10:51:06,2,3.59,463,166231
2015-12-15,601899,10:50:56,2,3.59,141,50949
2015-12-15,601899,10:50:41,1,3.58,392,140536
2015-12-15,601899,10:50:26,2,3.59,17,6347
2015-12-15,601899,10:50:21,2,3.59,826,296878
2015-12-15,601899,10:50:11,1,3.58,204,73032
2015-12-15,601899,10:50:06,1,3.58,522,187219
2015-12-15,601899,10:49:56,1,3.58,116,41528
2015-12-15,601899,10:49:51,2,3.59,1385,497229
2015-12-15,601899,10:49:41,2,3.59,28,10052
2015-12-15,601899,10:49:36,2,3.59,325,116689
2015-12-15,601899,10:49:31,2,3.59,580,208220
2015-12-15,601899,10:49:21,1,3.58,261,93767
2015-12-15,601899,10:49:06,2,3.59,945,339269
2015-12-15,601899,10:49:01,2,3.59,177,63557
2015-12-15,601899,10:48:56,2,3.59,645,231885
2015-12-15,601899,10:48:51,2,3.59,17,6117
2015-12-15,601899,10:48:46,1,3.58,90,32563
2015-12-15,601899,10:48:36,1,3.58,88,31504
2015-12-15,601899,10:48:31,2,3.59,252,90468
2015-12-15,601899,10:48:21,2,3.59,80,28720
2015-12-15,601899,10:48:16,2,3.59,1226,440162
2015-12-15,601899,10:48:06,1,3.58,236,84831
2015-12-15,601899,10:48:01,2,3.59,920,330624
2015-12-15,601899,10:47:46,2,3.59,547,196387
2015-12-15,601899,10:47:41,1,3.59,983,353026
2015-12-15,601899,10:47:31,1,3.59,192,68928
2015-12-15,601899,10:47:26,2,3.59,3935,1412909
2015-12-15,601899,10:47:16,2,3.59,608,218616
2015-12-15,601899,10:47:01,2,3.59,160,57440
2015-12-15,601899,10:46:56,2,3.59,412,147908
2015-12-15,601899,10:46:46,2,3.59,728,261696
2015-12-15,601899,10:46:41,1,3.58,397,142140
2015-12-15,601899,10:46:26,1,3.59,2385,856229
2015-12-15,601899,10:46:16,1,3.59,289,104081
2015-12-15,601899,10:46:06,2,3.6,1214,437068
2015-12-15,601899,10:45:51,1,3.59,76,27628
2015-12-15,601899,10:45:46,1,3.59,468,168012
2015-12-15,601899,10:45:36,1,3.59,22,7898
2015-12-15,601899,10:45:31,1,3.59,654,235130
2015-12-15,601899,10:45:21,2,3.6,120,43200
2015-12-15,601899,10:45:16,2,3.59,233,83661
2015-12-15,601899,10:45:06,2,3.59,7837,2813497
2015-12-15,601899,10:45:01,2,3.59,560,201384
2015-12-15,601899,10:44:46,2,3.59,104,37680
2015-12-15,601899,10:44:35,2,3.59,39,14015
2015-12-15,601899,10:44:30,1,3.58,51,18272
2015-12-15,601899,10:44:25,2,3.59,48,17576
2015-12-15,601899,10:44:15,2,3.59,218,78262
2015-12-15,601899,10:44:10,2,3.59,122,43798
2015-12-15,601899,10:44:00,1,3.58,42,15036
2015-12-15,601899,10:43:55,2,3.59,484,173756
2015-12-15,601899,10:43:45,1,3.58,14,5012
2015-12-15,601899,10:43:40,2,3.59,987,354519
2015-12-15,601899,10:43:30,2,3.59,678,243746
2015-12-15,601899,10:43:25,1,3.58,235,84144
2015-12-15,601899,10:43:15,1,3.58,204,73375
2015-12-15,601899,10:43:10,1,3.58,200,71600
2015-12-15,601899,10:42:55,2,3.59,87,31247
2015-12-15,601899,10:42:50,2,3.59,566,203194
2015-12-15,601899,10:42:40,1,3.58,106,38291
2015-12-15,601899,10:42:35,2,3.59,45,16169
2015-12-15,601899,10:42:30,1,3.58,4,1775
2015-12-15,601899,10:42:25,1,3.58,83,29728
2015-12-15,601899,10:42:20,1,3.58,92,33279
2015-12-15,601899,10:42:20,2,3.59,91,32683
2015-12-15,601899,10:42:10,2,3.59,6,2154
2015-12-15,601899,10:42:05,1,3.58,94,33995
2015-12-15,601899,10:41:55,1,3.58,38,13604
2015-12-15,601899,10:41:50,2,3.59,632,226888
2015-12-15,601899,10:41:40,1,3.58,15,5556
2015-12-15,601899,10:41:35,2,3.59,517,185617
2015-12-15,601899,10:41:20,1,3.58,84,30415
2015-12-15,601899,10:41:15,1,3.58,224,80363
2015-12-15,601899,10:41:05,1,3.58,98,35084
2015-12-15,601899,10:41:00,1,3.58,688,246304
2015-12-15,601899,10:40:50,2,3.58,334,119572
2015-12-15,601899,10:40:45,1,3.57,101,36071
2015-12-15,601899,10:40:35,2,3.58,386,138188
2015-12-15,601899,10:40:30,1,3.57,824,294510
2015-12-15,601899,10:40:20,2,3.58,286,102388
2015-12-15,601899,10:40:15,2,3.58,909,325436
2015-12-15,601899,10:40:00,1,3.58,2102,752859
2015-12-15,601899,10:39:45,1,3.58,171,61232
2015-12-15,601899,10:39:40,1,3.58,138,49747
2015-12-15,601899,10:39:35,1,3.58,604,216232
2015-12-15,601899,10:39:30,1,3.58,6,2148
2015-12-15,601899,10:39:25,2,3.59,109,39145
2015-12-15,601899,10:39:15,2,3.59,22,8242
2015-12-15,601899,10:39:10,2,3.59,4902,1759818
2015-12-15,601899,10:39:00,2,3.59,127,45607
2015-12-15,601899,10:38:55,1,3.58,276,98808
2015-12-15,601899,10:38:50,1,3.58,112,40439
2015-12-15,601899,10:38:45,1,3.58,246,88068
2015-12-15,601899,10:38:40,2,3.59,183,65711
2015-12-15,601899,10:38:30,2,3.59,106,38054
2015-12-15,601899,10:38:25,1,3.58,122,43676
2015-12-15,601899,10:38:20,1,3.58,98,35427
2015-12-15,601899,10:38:15,1,3.58,358,128164
2015-12-15,601899,10:38:10,2,3.59,266,95494
2015-12-15,601899,10:38:05,2,3.59,586,210374
2015-12-15,601899,10:37:55,2,3.59,4513,1620181
2015-12-15,601899,10:37:40,1,3.58,68,24344
2015-12-15,601899,10:37:35,1,3.58,570,204403
2015-12-15,601899,10:37:20,1,3.58,686,245588
2015-12-15,601899,10:37:05,2,3.59,1042,374078
2015-12-15,601899,10:37:00,1,3.58,126,45108
2015-12-15,601899,10:36:55,2,3.59,193,69301
2015-12-15,601899,10:36:45,2,3.59,284,102300
2015-12-15,601899,10:36:40,1,3.58,442,158236
2015-12-15,601899,10:36:30,1,3.58,415,148584
2015-12-15,601899,10:36:15,2,3.59,24,8616
2015-12-15,601899,10:36:10,2,3.59,214,77170
2015-12-15,601899,10:36:00,1,3.58,173,61948
2015-12-15,601899,10:35:55,1,3.58,228,81624
2015-12-15,601899,10:35:45,1,3.58,108,39007
2015-12-15,601899,10:35:40,1,3.58,730,261540
2015-12-15,601899,10:35:30,1,3.58,98,35427
2015-12-15,601899,10:35:25,2,3.58,362,129767
2015-12-15,601899,10:35:15,2,3.58,735,263144
2015-12-15,601899,10:35:10,2,3.58,1004,359432
2015-12-15,601899,10:35:00,2,3.58,350,125643
2015-12-15,601899,10:34:55,1,3.57,1546,551922
2015-12-15,601899,10:34:40,2,3.58,733,262428
2015-12-15,601899,10:34:35,2,3.58,1610,576723
2015-12-15,601899,10:34:35,2,3.58,421,150732
2015-12-15,601899,10:34:25,1,3.57,964,344490
2015-12-15,601899,10:34:15,1,3.57,267,95333
2015-12-15,601899,10:34:10,2,3.58,1402,501916
2015-12-15,601899,10:33:55,1,3.57,300,107442
2015-12-15,601899,10:33:50,1,3.57,742,264894
2015-12-15,601899,10:33:40,2,3.58,109,39036
2015-12-15,601899,10:33:35,2,3.58,74,26492
2015-12-15,601899,10:33:35,1,3.57,116,41754
2015-12-15,601899,10:33:25,1,3.57,25,8939
2015-12-15,601899,10:33:20,2,3.58,284,101672
2015-12-15,601899,10:33:10,1,3.57,64,22848
2015-12-15,601899,10:33:05,2,3.58,224,80192
2015-12-15,601899,10:32:55,1,3.57,170,61032
2015-12-15,601899,10:32:50,2,3.58,836,299288
2015-12-15,601899,10:32:40,2,3.58,685,245244
2015-12-15,601899,10:32:35,2,3.58,26,9308
2015-12-15,601899,10:32:30,2,3.58,26,9308
2015-12-15,601899,10:32:25,1,3.57,196,70314
2015-12-15,601899,10:32:20,2,3.58,43,15408
2015-12-15,601899,10:32:15,2,3.58,212,76239
2015-12-15,601899,10:32:05,2,3.58,164,58712
2015-12-15,601899,10:32:00,1,3.57,215,76769
2015-12-15,601899,10:31:50,1,3.57,46,16422
2015-12-15,601899,10:31:45,2,3.58,1254,448932
2015-12-15,601899,10:31:35,2,3.58,788,282447
2015-12-15,601899,10:31:25,1,3.57,134,47838
2015-12-15,601899,10:31:20,1,3.57,996,355572
2015-12-15,601899,10:31:04,2,3.58,57,20420
2015-12-15,601899,10:30:59,1,3.57,190,68172
2015-12-15,601899,10:30:49,1,3.57,865,308819
2015-12-15,601899,10:30:44,2,3.58,134,47972
2015-12-15,601899,10:30:34,2,3.58,150,54043
2015-12-15,601899,10:30:29,1,3.57,564,201348
2015-12-15,601899,10:30:19,1,3.57,57,20363
2015-12-15,601899,10:30:14,1,3.57,296,106014
2015-12-15,601899,10:30:04,1,3.57,135,48209
2015-12-15,601899,10:29:59,1,3.57,502,179556
2015-12-15,601899,10:29:44,2,3.58,151,54072
2015-12-15,601899,10:29:34,1,3.57,20,7140
2015-12-15,601899,10:29:29,1,3.57,590,210972
2015-12-15,601899,10:29:19,1,3.57,52,18564
2015-12-15,601899,10:29:14,1,3.57,267,95504
2015-12-15,601899,10:28:59,1,3.57,454,162306
2015-12-15,601899,10:28:44,1,3.57,942,336294
2015-12-15,601899,10:28:39,1,3.57,348,124236
2015-12-15,601899,10:28:29,2,3.58,10,3923
2015-12-15,601899,10:28:24,2,3.58,1446,517668
2015-12-15,601899,10:28:14,2,3.58,583,208986
2015-12-15,601899,10:28:09,1,3.57,3187,1137858
2015-12-15,601899,10:27:54,1,3.57,306,109584
2015-12-15,601899,10:27:39,2,3.58,396,141768
2015-12-15,601899,10:27:29,1,3.57,265,94619
2015-12-15,601899,10:27:24,1,3.57,10408,3715656
2015-12-15,601899,10:27:14,1,3.57,430,153510
2015-12-15,601899,10:27:09,2,3.58,358,128507
2015-12-15,601899,10:27:04,1,3.57,213,76055
2015-12-15,601899,10:26:54,1,3.57,208,74256
2015-12-15,601899,10:26:49,1,3.57,284,101730
2015-12-15,601899,10:26:39,2,3.58,43,15408
2015-12-15,601899,10:26:34,1,3.57,2314,826098
2015-12-15,601899,10:26:24,1,3.57,210,75312
2015-12-15,601899,10:26:19,1,3.57,93,33215
2015-12-15,601899,10:26:09,1,3.57,26,9282
2015-12-15,601899,10:26:04,2,3.58,204,73032
2015-12-15,601899,10:25:54,1,3.57,138,49266
2015-12-15,601899,10:25:49,2,3.58,438,157147
2015-12-15,601899,10:25:34,1,3.57,460,164220
2015-12-15,601899,10:25:19,2,3.58,180,64440
2015-12-15,601899,10:25:14,2,3.58,100,35800
2015-12-15,601899,10:25:04,1,3.57,2573,918575
2015-12-15,601899,10:24:59,1,3.57,824,294168
2015-12-15,601899,10:24:49,1,3.57,1802,643656
2015-12-15,601899,10:24:44,2,3.58,810,289980
2015-12-15,601899,10:24:34,2,3.58,582,208356
2015-12-15,601899,10:24:24,1,3.57,47,16793
2015-12-15,601899,10:24:19,1,3.57,2174,776118
2015-12-15,601899,10:23:59,2,3.58,1424,510135
2015-12-15,601899,10:23:44,1,3.57,278,99246
2015-12-15,601899,10:23:39,1,3.57,791,282401
2015-12-15,601899,10:23:34,1,3.57,1054,376278
2015-12-15,601899,10:23:29,1,3.57,1998,713628
2015-12-15,601899,10:23:09,2,3.58,282,100956
2015-12-15,601899,10:23:04,1,3.57,571,203861
2015-12-15,601899,10:22:54,1,3.57,194,69258
2015-12-15,601899,10:22:49,1,3.57,376,134232
2015-12-15,601899,10:22:39,2,3.58,310,110980
2015-12-15,601899,10:22:34,1,3.57,296,106014
2015-12-15,601899,10:22:19,1,3.57,750,267750
2015-12-15,601899,10:22:14,1,3.57,163,58205
2015-12-15,601899,10:22:14,1,3.57,168,60318
2015-12-15,601899,10:22:04,1,3.57,413,147455
2015-12-15,601899,10:21:59,1,3.57,766,273804
2015-12-15,601899,10:21:49,1,3.57,1749,624407
2015-12-15,601899,10:21:34,1,3.57,5320,1899240
2015-12-15,601899,10:21:19,2,3.58,156,55848
2015-12-15,601899,10:21:14,2,3.58,140,50463
2015-12-15,601899,10:21:04,2,3.58,196,70168
2015-12-15,601899,10:20:59,2,3.58,25,8964
2015-12-15,601899,10:20:54,1,3.57,346,123522
2015-12-15,601899,10:20:49,1,3.57,462,164934
2015-12-15,601899,10:20:44,2,3.58,347,124240
2015-12-15,601899,10:20:29,2,3.58,317,113500
2015-12-15,601899,10:20:24,2,3.58,870,311803
2015-12-15,601899,10:20:14,2,3.58,1238,443204
2015-12-15,601899,10:20:09,1,3.57,506,180642
2015-12-15,601899,10:19:59,1,3.57,127,45353
2015-12-15,601899,10:19:54,1,3.57,558,199206
2015-12-15,601899,10:19:44,2,3.58,38,13604
2015-12-15,601899,10:19:39,1,3.57,398,142086
2015-12-15,601899,10:19:29,2,3.58,30,10740
2015-12-15,601899,10:19:24,1,3.57,508,181356
2015-12-15,601899,10:19:09,2,3.58,362,129939
2015-12-15,601899,10:18:54,2,3.58,30,10740
2015-12-15,601899,10:18:49,2,3.58,276,98808
2015-12-15,601899,10:18:39,1,3.57,614,219198
2015-12-15,601899,10:18:24,1,3.57,718,256326
2015-12-15,601899,10:18:09,2,3.58,198,70884
2015-12-15,601899,10:18:04,2,3.58,209,74836
2015-12-15,601899,10:17:54,1,3.57,58,21048
2015-12-15,601899,10:17:49,1,3.57,122,43554
2015-12-15,601899,10:17:39,2,3.58,245,87724
2015-12-15,601899,10:17:34,1,3.57,510,182412
2015-12-15,601899,10:17:18,1,3.57,243,86765
2015-12-15,601899,10:17:13,1,3.57,544,194208
2015-12-15,601899,10:17:03,1,3.57,294,105300
2015-12-15,601899,10:16:53,2,3.58,500,179000
2015-12-15,601899,10:16:48,1,3.57,718,256326
2015-12-15,601899,10:16:43,1,3.57,282,100674
2015-12-15,601899,10:16:33,1,3.57,1157,413063
2015-12-15,601899,10:16:18,2,3.57,598,213685
2015-12-15,601899,10:16:13,1,3.57,1816,648454
2015-12-15,601899,10:15:58,2,3.57,452,161592
2015-12-15,601899,10:15:52,2,3.57,954,340920
2015-12-15,601899,10:15:47,1,3.56,688,244928
2015-12-15,601899,10:15:42,2,3.57,362,129262
2015-12-15,601899,10:15:36,2,3.57,332,118866
2015-12-15,601899,10:15:31,2,3.57,80,28560
2015-12-15,601899,10:15:26,2,3.57,159,56777
2015-12-15,601899,10:15:21,2,3.57,3880,1385160
2015-12-15,601899,10:15:16,1,3.56,346,123517
2015-12-15,601899,10:15:11,1,3.56,196,69776
2015-12-15,601899,10:15:06,1,3.56,10068,3584208
2015-12-15,601899,10:15:01,1,3.56,974,347085
2015-12-15,601899,10:14:56,1,3.56,86,30644
2015-12-15,601899,10:14:51,2,3.57,612,218826
2015-12-15,601899,10:14:46,2,3.57,436,155652
2015-12-15,601899,10:14:41,2,3.57,278,99246
2015-12-15,601899,10:14:36,2,3.57,301,107471
2015-12-15,601899,10:14:31,1,3.56,128,45909
2015-12-15,601899,10:14:26,1,3.56,414,147384
2015-12-15,601899,10:14:21,1,3.56,690,245981
2015-12-15,601899,10:14:16,1,3.56,299,106458
2015-12-15,601899,10:14:11,1,3.56,240,85440
2015-12-15,601899,10:14:06,1,3.56,95,33834
2015-12-15,601899,10:14:01,1,3.56,212,75472
2015-12-15,601899,10:13:56,1,3.56,392,139893
2015-12-15,601899,10:13:51,2,3.57,254,90678
2015-12-15,601899,10:13:46,1,3.56,452,160912
2015-12-15,601899,10:13:41,2,3.57,138,49608
2015-12-15,601899,10:13:36,2,3.57,835,298109
2015-12-15,601899,10:13:31,2,3.57,144,51408
2015-12-15,601899,10:13:26,1,3.56,234,83304
2015-12-15,601899,10:13:21,1,3.56,124,44144
2015-12-15,601899,10:13:16,1,3.56,102,36312
2015-12-15,601899,10:13:11,2,3.57,242,86394
2015-12-15,601899,10:13:06,1,3.56,210,75101
2015-12-15,601899,10:13:01,2,3.57,209,74627
2015-12-15,601899,10:12:56,1,3.56,116,41296
2015-12-15,601899,10:12:51,2,3.57,461,164591
2015-12-15,601899,10:12:46,2,3.57,1486,530844
2015-12-15,601899,10:12:41,2,3.57,217,77483
2015-12-15,601899,10:12:36,2,3.57,570,203832
2015-12-15,601899,10:12:31,2,3.57,465,166019
2015-12-15,601899,10:12:26,2,3.57,349,124921
2015-12-15,601899,10:12:21,1,3.56,664,236384
2015-12-15,601899,10:12:16,1,3.56,897,319346
2015-12-15,601899,10:12:11,2,3.57,236,84252
2015-12-15,601899,10:12:06,2,3.57,90,32130
2015-12-15,601899,10:12:01,1,3.56,256,91136
2015-12-15,601899,10:11:55,2,3.57,1260,449991
2015-12-15,601899,10:11:50,2,3.57,379,135317
2015-12-15,601899,10:11:45,2,3.57,234,83538
2015-12-15,601899,10:11:40,2,3.57,688,245616
2015-12-15,601899,10:11:35,1,3.56,140,49840
2015-12-15,601899,10:11:30,2,3.57,2496,891414
2015-12-15,601899,10:11:25,2,3.57,1146,409122
2015-12-15,601899,10:11:20,2,3.57,871,310961
2015-12-15,601899,10:11:15,1,3.56,384,136704
2015-12-15,601899,10:11:10,2,3.57,678,242046
2015-12-15,601899,10:11:05,2,3.57,624,222768
2015-12-15,601899,10:11:00,1,3.56,296,105717
2015-12-15,601899,10:10:55,1,3.56,405,144194
2015-12-15,601899,10:10:50,1,3.56,732,260933
2015-12-15,601899,10:10:45,2,3.57,520,185640
2015-12-15,601899,10:10:40,2,3.57,374,133518
2015-12-15,601899,10:10:35,2,3.57,257,91763
2015-12-15,601899,10:10:30,2,3.57,198,70771
2015-12-15,601899,10:10:25,2,3.57,1746,623322
2015-12-15,601899,10:10:15,2,3.57,390,139230
2015-12-15,601899,10:10:10,2,3.57,1092,389844
2015-12-15,601899,10:10:00,1,3.56,336,119616
2015-12-15,601899,10:09:55,1,3.56,1054,375224
2015-12-15,601899,10:09:45,2,3.57,683,243845
2015-12-15,601899,10:09:40,1,3.56,1012,360613
2015-12-15,601899,10:09:30,2,3.57,517,184583
2015-12-15,601899,10:09:25,2,3.57,122,43554
2015-12-15,601899,10:09:20,2,3.57,694,247758
2015-12-15,601899,10:09:15,2,3.57,1618,577626
2015-12-15,601899,10:09:05,1,3.56,366,130637
2015-12-15,601899,10:09:00,2,3.57,137,48923
2015-12-15,601899,10:08:55,1,3.56,362,128872
2015-12-15,601899,10:08:50,1,3.56,1262,449272
2015-12-15,601899,10:08:45,1,3.56,416,148096
2015-12-15,601899,10:08:35,1,3.56,332,118533
2015-12-15,601899,10:08:30,2,3.57,1162,414834
2015-12-15,601899,10:08:20,2,3.57,334,119238
2015-12-15,601899,10:08:14,2,3.57,1114,397698
2015-12-15,601899,10:08:09,1,3.56,2042,726952
2015-12-15,601899,10:08:04,1,3.56,218,77608
2015-12-15,601899,10:07:59,1,3.56,327,116426
2015-12-15,601899,10:07:54,1,3.56,714,254525
2015-12-15,601899,10:07:49,1,3.56,405,144194
2015-12-15,601899,10:07:44,2,3.57,514,183498
2015-12-15,601899,10:07:39,2,3.57,442,157794
2015-12-15,601899,10:07:34,2,3.57,152,54606
2015-12-15,601899,10:07:29,2,3.57,735,262409
2015-12-15,601899,10:07:24,1,3.56,384,137045
2015-12-15,601899,10:07:19,1,3.56,273,97202
2015-12-15,601899,10:07:14,1,3.56,318,113208
2015-12-15,601899,10:07:09,2,3.57,416,148512
2015-12-15,601899,10:07:04,1,3.56,1258,448189
2015-12-15,601899,10:06:59,1,3.56,384,136704
2015-12-15,601899,10:06:54,2,3.57,178,63546
2015-12-15,601899,10:06:49,2,3.57,167,59633
2015-12-15,601899,10:06:44,2,3.57,294,104958
2015-12-15,601899,10:06:39,1,3.56,692,246352
2015-12-15,601899,10:06:34,2,3.57,416,148854
2015-12-15,601899,10:06:29,1,3.57,206,73542
2015-12-15,601899,10:06:24,1,3.57,585,208859
2015-12-15,601899,10:06:19,2,3.58,954,341875
2015-12-15,601899,10:06:14,1,3.57,473,168875
2015-12-15,601899,10:06:09,1,3.57,530,189552
2015-12-15,601899,10:06:04,2,3.58,498,178284
2015-12-15,601899,10:05:59,2,3.57,361,128891
2015-12-15,601899,10:05:54,2,3.57,266,94962
2015-12-15,601899,10:05:49,1,3.57,1150,410550
2015-12-15,601899,10:05:44,1,3.57,246,88164
2015-12-15,601899,10:05:39,1,3.57,849,303107
2015-12-15,601899,10:05:34,1,3.57,282,101016
2015-12-15,601899,10:05:29,1,3.57,952,339864
2015-12-15,601899,10:05:24,1,3.57,540,192780
2015-12-15,601899,10:05:19,1,3.57,574,204918
2015-12-15,601899,10:05:14,2,3.58,468,167544
2015-12-15,601899,10:05:09,1,3.57,638,227766
2015-12-15,601899,10:05:04,2,3.58,554,198332
2015-12-15,601899,10:04:59,1,3.57,332,118524
2015-12-15,601899,10:04:54,1,3.57,865,308819
2015-12-15,601899,10:04:49,1,3.57,434,155280
2015-12-15,601899,10:04:44,1,3.57,276,98532
2015-12-15,601899,10:04:38,2,3.57,2636,941052
2015-12-15,601899,10:04:33,2,3.57,1109,395927
2015-12-15,601899,10:04:28,2,3.57,532,189924
2015-12-15,601899,10:04:23,2,3.57,526,187782
2015-12-15,601899,10:04:18,2,3.57,1024,365568
2015-12-15,601899,10:04:13,2,3.57,1306,466584
2015-12-15,601899,10:04:08,1,3.56,1035,368474
2015-12-15,601899,10:04:03,2,3.57,378,135288
2015-12-15,601899,10:03:58,1,3.56,754,268424
2015-12-15,601899,10:03:53,2,3.57,3725,1329839
2015-12-15,601899,10:03:48,2,3.57,966,344862
2015-12-15,601899,10:03:43,2,3.57,394,141000
2015-12-15,601899,10:03:38,2,3.57,867,309533
2015-12-15,601899,10:03:33,1,3.57,1239,442394
2015-12-15,601899,10:03:28,2,3.58,5964,2135169
2015-12-15,601899,10:03:23,2,3.58,10882,3895756
2015-12-15,601899,10:03:18,2,3.58,453,162174
2015-12-15,601899,10:03:13,2,3.58,5891,2108978
2015-12-15,601899,10:03:08,2,3.58,10850,3884300
2015-12-15,601899,10:03:03,2,3.58,1374,491892
2015-12-15,601899,10:02:58,1,3.57,369,131733
2015-12-15,601899,10:02:53,2,3.58,2269,812302
2015-12-15,601899,10:02:48,2,3.58,10954,3921532
2015-12-15,601899,10:02:43,1,3.57,5355,1911735
2015-12-15,601899,10:02:38,1,3.57,1852,661349
2015-12-15,601899,10:02:33,2,3.58,1204,431375
2015-12-15,601899,10:02:28,2,3.58,7254,2596932
2015-12-15,601899,10:02:23,1,3.57,1156,412692
2015-12-15,601899,10:02:18,2,3.58,327,117080
2015-12-15,601899,10:02:13,1,3.57,502,179214
2015-12-15,601899,10:02:08,2,3.58,656,234848
2015-12-15,601899,10:02:03,1,3.57,740,264180
2015-12-15,601899,10:01:58,2,3.58,326,116708
2015-12-15,601899,10:01:53,2,3.58,298,107027
2015-12-15,601899,10:01:48,2,3.58,658,235564
2015-12-15,601899,10:01:43,2,3.58,508,181864
2015-12-15,601899,10:01:38,1,3.58,512,183482
2015-12-15,601899,10:01:33,2,3.58,403,144445
2015-12-15,601899,10:01:28,2,3.58,328,117424
2015-12-15,601899,10:01:23,1,3.57,249,88907
2015-12-15,601899,10:01:18,2,3.58,7294,2611595
2015-12-15,601899,10:01:13,2,3.58,619,221616
2015-12-15,601899,10:01:08,2,3.58,334,119572
2015-12-15,601899,10:01:03,1,3.57,574,205260
2015-12-15,601899,10:00:58,1,3.57,524,187068
2015-12-15,601899,10:00:52,2,3.58,1386,496188
2015-12-15,601899,10:00:47,2,3.58,590,211220
2015-12-15,601899,10:00:42,1,3.57,190,67830
2015-12-15,601899,10:00:37,1,3.57,203,72485
2015-12-15,601899,10:00:32,1,3.57,564,201690
2015-12-15,601899,10:00:27,2,3.58,456,163248
2015-12-15,601899,10:00:22,2,3.58,155,55504
2015-12-15,601899,10:00:17,2,3.58,1214,434955
2015-12-15,601899,10:00:12,1,3.57,592,211344
2015-12-15,601899,10:00:07,1,3.57,667,238133
2015-12-15,601899,10:00:02,2,3.58,1018,364444
2015-12-15,601899,09:59:57,2,3.58,810,289980
2015-12-15,601899,09:59:52,2,3.58,402,144259
2015-12-15,601899,09:59:47,2,3.58,1119,400616
2015-12-15,601899,09:59:42,1,3.57,412,147426
2015-12-15,601899,09:59:37,2,3.58,907,324720
2015-12-15,601899,09:59:32,2,3.58,1086,388788
2015-12-15,601899,09:59:27,2,3.58,2354,842732
2015-12-15,601899,09:59:22,2,3.58,614,219812
2015-12-15,601899,09:59:17,2,3.58,552,197959
2015-12-15,601899,09:59:12,2,3.58,338,121004
2015-12-15,601899,09:59:07,1,3.58,1682,602156
2015-12-15,601899,09:59:02,1,3.58,2145,767924
2015-12-15,601899,09:58:57,1,3.58,2344,839495
2015-12-15,601899,09:58:52,1,3.58,724,259192
2015-12-15,601899,09:58:47,1,3.58,1588,568504
2015-12-15,601899,09:58:42,1,3.58,113,40468
2015-12-15,601899,09:58:37,1,3.58,602,215859
2015-12-15,601899,09:58:32,2,3.59,156,56004
2015-12-15,601899,09:58:27,1,3.58,329,117796
2015-12-15,601899,09:58:22,1,3.58,1080,386640
2015-12-15,601899,09:58:17,2,3.59,1622,582642
2015-12-15,601899,09:58:12,2,3.58,1626,582108
2015-12-15,601899,09:58:07,2,3.58,610,218380
2015-12-15,601899,09:58:02,1,3.58,3025,1083250
2015-12-15,601899,09:57:57,2,3.59,518,185962
2015-12-15,601899,09:57:52,2,3.59,1396,501164
2015-12-15,601899,09:57:47,2,3.59,548,196732
2015-12-15,601899,09:57:42,1,3.58,10292,3684536
2015-12-15,601899,09:57:37,2,3.59,800,287200
2015-12-15,601899,09:57:32,2,3.59,455,163359
2015-12-15,601899,09:57:27,2,3.59,11396,4091164
2015-12-15,601899,09:57:22,2,3.59,376,134984
2015-12-15,601899,09:57:17,1,3.58,526,188651
2015-12-15,601899,09:57:11,2,3.59,607,217927
2015-12-15,601899,09:57:06,2,3.59,254,91186
2015-12-15,601899,09:57:01,2,3.59,10600,3805744
2015-12-15,601899,09:56:56,1,3.58,292,104536
2015-12-15,601899,09:56:51,2,3.59,87,31247
2015-12-15,601899,09:56:46,2,3.59,616,221144
2015-12-15,601899,09:56:41,2,3.59,402,144318
2015-12-15,601899,09:56:36,2,3.59,1146,411414
2015-12-15,601899,09:56:31,2,3.59,950,341394
2015-12-15,601899,09:56:26,1,3.58,226,80908
2015-12-15,601899,09:56:21,2,3.59,535,192079
2015-12-15,601899,09:56:16,2,3.59,120,43424
2015-12-15,601899,09:56:11,2,3.59,495,177719
2015-12-15,601899,09:56:06,1,3.58,5402,1934259
2015-12-15,601899,09:56:01,1,3.59,450,161550
2015-12-15,601899,09:55:56,2,3.59,455,163359
2015-12-15,601899,09:55:51,2,3.59,322,115770
2015-12-15,601899,09:55:46,1,3.58,3273,1171734
2015-12-15,601899,09:55:41,2,3.59,1390,499010
2015-12-15,601899,09:55:36,2,3.59,688,246992
2015-12-15,601899,09:55:31,2,3.59,368,132112
2015-12-15,601899,09:55:26,2,3.59,2331,836829
2015-12-15,601899,09:55:21,1,3.58,579,207282
2015-12-15,601899,09:55:16,2,3.59,322,115598
2015-12-15,601899,09:55:11,2,3.59,247,88673
2015-12-15,601899,09:55:06,2,3.59,344,123496
2015-12-15,601899,09:55:01,2,3.59,428,153652
2015-12-15,601899,09:54:56,2,3.59,302,108418
2015-12-15,601899,09:54:51,2,3.59,471,169089
2015-12-15,601899,09:54:46,1,3.58,744,266352
2015-12-15,601899,09:54:41,2,3.6,154,55440
2015-12-15,601899,09:54:36,2,3.6,184,66240
2015-12-15,601899,09:54:31,2,3.59,787,282533
2015-12-15,601899,09:54:26,1,3.58,709,253822
2015-12-15,601899,09:54:21,1,3.58,318,113844
2015-12-15,601899,09:54:16,1,3.58,1358,486164
2015-12-15,601899,09:54:11,2,3.59,2549,915091
2015-12-15,601899,09:54:06,1,3.58,1433,513014
2015-12-15,601899,09:54:01,1,3.58,278,99524
2015-12-15,601899,09:53:56,1,3.58,212,75896
2015-12-15,601899,09:53:51,2,3.59,515,184885
2015-12-15,601899,09:53:46,2,3.59,499,179141
2015-12-15,601899,09:53:41,2,3.59,958,343922
2015-12-15,601899,09:53:36,1,3.58,4025,1440950
2015-12-15,601899,09:53:30,2,3.59,583,209297
2015-12-15,601899,09:53:25,2,3.59,868,311612
2015-12-15,601899,09:53:20,2,3.59,185,66415
2015-12-15,601899,09:53:15,1,3.58,404,144632
2015-12-15,601899,09:53:10,1,3.58,1668,597144
2015-12-15,601899,09:53:05,2,3.59,98,35182
2015-12-15,601899,09:53:00,1,3.58,192,68736
2015-12-15,601899,09:52:55,1,3.58,302,108116
2015-12-15,601899,09:52:50,2,3.59,171,61389
2015-12-15,601899,09:52:45,1,3.58,161,57638
2015-12-15,601899,09:52:40,2,3.59,206,73954
2015-12-15,601899,09:52:35,2,3.59,431,154729
2015-12-15,601899,09:52:30,1,3.58,898,321484
2015-12-15,601899,09:52:25,1,3.58,987,353346
2015-12-15,601899,09:52:20,1,3.58,299,107042
2015-12-15,601899,09:52:15,1,3.58,761,272438
2015-12-15,601899,09:52:10,1,3.58,1294,463252
2015-12-15,601899,09:52:05,1,3.58,128,45824
2015-12-15,601899,09:52:00,2,3.59,357,128349
2015-12-15,601899,09:51:55,1,3.58,212,75896
2015-12-15,601899,09:51:50,1,3.58,2550,913243
2015-12-15,601899,09:51:45,2,3.59,711,255263
2015-12-15,601899,09:51:35,2,3.59,1176,422184
2015-12-15,601899,09:51:25,2,3.59,1690,607054
2015-12-15,601899,09:51:15,1,3.58,1098,393084
2015-12-15,601899,09:51:05,1,3.58,236,84488
2015-12-15,601899,09:51:00,2,3.59,7507,2695027
2015-12-15,601899,09:50:50,2,3.59,810,290790
2015-12-15,601899,09:50:45,1,3.59,5478,1966602
2015-12-15,601899,09:50:35,1,3.59,200,72144
2015-12-15,601899,09:50:30,1,3.59,441,158333
2015-12-15,601899,09:50:20,0,3.59,182,65338
2015-12-15,601899,09:50:15,2,3.6,655,236116
2015-12-15,601899,09:50:05,1,3.58,585,209430
2015-12-15,601899,09:50:00,1,3.58,661,236638
2015-12-15,601899,09:49:55,2,3.59,363,130317
2015-12-15,601899,09:49:49,2,3.59,378,135702
2015-12-15,601899,09:49:44,2,3.59,349,125291
2015-12-15,601899,09:49:39,2,3.59,463,166217
2015-12-15,601899,09:49:34,1,3.58,269,96302
2015-12-15,601899,09:49:29,1,3.58,1090,390220
2015-12-15,601899,09:49:24,1,3.59,325,116890
2015-12-15,601899,09:49:19,2,3.59,5044,1810939
2015-12-15,601899,09:49:14,1,3.58,359,128522
2015-12-15,601899,09:49:09,2,3.59,2088,749592
2015-12-15,601899,09:49:04,2,3.59,1346,483214
2015-12-15,601899,09:48:59,1,3.58,456,163248
2015-12-15,601899,09:48:54,2,3.59,209,75031
2015-12-15,601899,09:48:49,1,3.58,1003,359074
2015-12-15,601899,09:48:44,1,3.58,90,32220
2015-12-15,601899,09:48:39,1,3.58,290,103820
2015-12-15,601899,09:48:34,2,3.59,385,138215
2015-12-15,601899,09:48:29,1,3.58,947,339026
2015-12-15,601899,09:48:24,2,3.59,273,98007
2015-12-15,601899,09:48:19,2,3.59,880,315920
2015-12-15,601899,09:48:14,1,3.58,923,330434
2015-12-15,601899,09:48:09,1,3.58,579,207282
2015-12-15,601899,09:48:04,2,3.59,625,224375
2015-12-15,601899,09:47:59,2,3.59,545,195655
2015-12-15,601899,09:47:54,1,3.58,579,207282
2015-12-15,601899,09:47:49,2,3.59,189,67851
2015-12-15,601899,09:47:44,1,3.58,694,248452
2015-12-15,601899,09:47:39,2,3.59,815,292585
2015-12-15,601899,09:47:34,2,3.59,552,198168
2015-12-15,601899,09:47:29,2,3.59,366,131394
2015-12-15,601899,09:47:24,2,3.59,395,141805
2015-12-15,601899,09:47:19,2,3.59,296,106264
2015-12-15,601899,09:47:14,1,3.58,1784,638672
2015-12-15,601899,09:47:09,2,3.59,740,265660
2015-12-15,601899,09:47:04,1,3.58,75,26850
2015-12-15,601899,09:46:59,2,3.59,1292,463828
2015-12-15,601899,09:46:54,2,3.59,601,215759
2015-12-15,601899,09:46:49,1,3.58,531,190098
2015-12-15,601899,09:46:44,2,3.59,1235,443365
2015-12-15,601899,09:46:39,2,3.59,1330,477470
2015-12-15,601899,09:46:34,2,3.59,1059,380181
2015-12-15,601899,09:46:29,1,3.58,498,178284
2015-12-15,601899,09:46:24,1,3.58,90,32220
2015-12-15,601899,09:46:19,1,3.58,996,356568
2015-12-15,601899,09:46:14,1,3.58,746,267068
2015-12-15,601899,09:46:08,1,3.58,1321,472918
2015-12-15,601899,09:46:03,2,3.59,1056,379104
2015-12-15,601899,09:45:58,2,3.59,640,229760
2015-12-15,601899,09:45:53,1,3.58,439,157162
2015-12-15,601899,09:45:48,2,3.59,1047,375873
2015-12-15,601899,09:45:43,1,3.58,312,111696
2015-12-15,601899,09:45:38,2,3.59,317,113803
2015-12-15,601899,09:45:33,2,3.59,575,206425
2015-12-15,601899,09:45:28,1,3.58,741,265492
2015-12-15,601899,09:45:23,1,3.59,527,189193
2015-12-15,601899,09:45:18,1,3.59,1400,502600
2015-12-15,601899,09:45:13,1,3.59,397,142523
2015-12-15,601899,09:45:08,1,3.59,8148,2925132
2015-12-15,601899,09:45:03,2,3.6,395,142200
2015-12-15,601899,09:44:58,2,3.6,668,240480
2015-12-15,601899,09:44:53,2,3.6,175,63000
2015-12-15,601899,09:44:48,1,3.6,3609,1299412
2015-12-15,601899,09:44:43,1,3.6,4004,1441440
2015-12-15,601899,09:44:38,2,3.61,2112,762432
2015-12-15,601899,09:44:33,1,3.6,1285,462614
2015-12-15,601899,09:44:28,1,3.6,964,347040
2015-12-15,601899,09:44:23,1,3.6,144,51840
2015-12-15,601899,09:44:18,1,3.6,408,147225
2015-12-15,601899,09:44:13,1,3.6,1735,624614
2015-12-15,601899,09:44:08,1,3.6,590,212400
2015-12-15,601899,09:44:03,1,3.6,1334,480585
2015-12-15,601899,09:43:58,1,3.6,464,167040
2015-12-15,601899,09:43:53,2,3.61,1071,386645
2015-12-15,601899,09:43:48,2,3.61,908,327788
2015-12-15,601899,09:43:43,1,3.6,292,105465
2015-12-15,601899,09:43:38,1,3.6,3955,1423807
2015-12-15,601899,09:43:33,1,3.6,216,77940
2015-12-15,601899,09:43:28,1,3.6,662,238320
2015-12-15,601899,09:43:23,2,3.6,2166,779760
2015-12-15,601899,09:43:18,2,3.6,287,103320
2015-12-15,601899,09:43:13,1,3.59,209,75031
2015-12-15,601899,09:43:08,2,3.6,437,157320
2015-12-15,601899,09:43:03,1,3.6,1926,693360
2015-12-15,601899,09:42:58,2,3.6,10170,3661344
2015-12-15,601899,09:42:51,2,3.6,3932,1415520
2015-12-15,601899,09:42:40,1,3.6,3765,1355623
2015-12-15,601899,09:42:25,2,3.61,1470,530807
2015-12-15,601899,09:42:20,2,3.61,770,277970
2015-12-15,601899,09:42:15,2,3.61,268,96748
2015-12-15,601899,09:42:10,1,3.6,279,100440
2015-12-15,601899,09:42:05,1,3.6,465,167400
2015-12-15,601899,09:41:55,1,3.6,82,29520
2015-12-15,601899,09:41:50,2,3.6,1105,397800
2015-12-15,601899,09:41:45,2,3.6,2563,922680
2015-12-15,601899,09:41:35,2,3.6,1475,531000
2015-12-15,601899,09:41:30,2,3.6,1781,641160
2015-12-15,601899,09:41:20,2,3.6,5587,2011320
2015-12-15,601899,09:41:05,1,3.59,6094,2187746
2015-12-15,601899,09:40:45,1,3.59,1494,536346
2015-12-15,601899,09:40:35,2,3.59,711,255421
2015-12-15,601899,09:40:30,2,3.59,3855,1383945
2015-12-15,601899,09:40:20,2,3.59,563,202117
2015-12-15,601899,09:40:15,1,3.58,5048,1807241
2015-12-15,601899,09:40:05,1,3.58,740,264920
2015-12-15,601899,09:40:00,2,3.59,1240,445160
2015-12-15,601899,09:39:55,1,3.58,1006,360148
2015-12-15,601899,09:39:55,1,3.58,3347,1198226
2015-12-15,601899,09:39:45,2,3.59,620,222580
2015-12-15,601899,09:39:40,2,3.59,542,194578
2015-12-15,601899,09:39:40,2,3.58,2343,838836
2015-12-15,601899,09:39:30,1,3.58,2069,740702
2015-12-15,601899,09:39:25,1,3.58,2686,961588
2015-12-15,601899,09:39:15,1,3.58,1006,360148
2015-12-15,601899,09:39:10,1,3.58,1482,530556
2015-12-15,601899,09:39:00,2,3.59,519,186321
2015-12-15,601899,09:38:55,1,3.58,818,292844
2015-12-15,601899,09:38:52,1,3.58,1545,553110
2015-12-15,601899,09:38:41,2,3.59,346,124214
2015-12-15,601899,09:38:36,1,3.58,1702,609316
2015-12-15,601899,09:38:26,1,3.58,1911,684138
2015-12-15,601899,09:38:21,1,3.58,414,148212
2015-12-15,601899,09:38:16,1,3.58,1151,412058
2015-12-15,601899,09:38:11,2,3.58,2064,738912
2015-12-15,601899,09:38:06,2,3.58,1476,528408
2015-12-15,601899,09:38:01,1,3.57,1069,381633
2015-12-15,601899,09:37:56,1,3.57,744,265608
2015-12-15,601899,09:37:51,1,3.57,695,248115
2015-12-15,601899,09:37:46,1,3.57,916,327012
2015-12-15,601899,09:37:41,2,3.58,2368,847744
2015-12-15,601899,09:37:36,1,3.57,1765,630105
2015-12-15,601899,09:37:31,1,3.57,3650,1303050
2015-12-15,601899,09:37:26,1,3.57,1607,573699
2015-12-15,601899,09:37:21,2,3.58,631,225898
2015-12-15,601899,09:37:16,1,3.57,1148,409836
2015-12-15,601899,09:37:11,1,3.57,3901,1392657
2015-12-15,601899,09:37:06,2,3.58,2212,791896
2015-12-15,601899,09:37:01,2,3.58,1153,412774
2015-12-15,601899,09:36:56,1,3.57,1172,418404
2015-12-15,601899,09:36:51,1,3.57,1565,558705
2015-12-15,601899,09:36:46,2,3.58,1256,449648
2015-12-15,601899,09:36:41,1,3.57,1165,415905
2015-12-15,601899,09:36:36,2,3.58,1116,399528
2015-12-15,601899,09:36:31,1,3.57,2039,728101
2015-12-15,601899,09:36:26,1,3.58,1638,586404
2015-12-15,601899,09:36:21,2,3.59,713,255967
2015-12-15,601899,09:36:16,2,3.59,2578,925502
2015-12-15,601899,09:36:11,1,3.58,4067,1456165
2015-12-15,601899,09:36:06,2,3.59,471,169089
2015-12-15,601899,09:36:01,1,3.58,553,197974
2015-12-15,601899,09:35:56,2,3.59,910,326690
2015-12-15,601899,09:35:51,2,3.59,371,133189
2015-12-15,601899,09:35:46,1,3.58,976,349408
2015-12-15,601899,09:35:41,2,3.59,1139,408901
2015-12-15,601899,09:35:36,1,3.58,2232,799056
2015-12-15,601899,09:35:31,1,3.58,107,38306
2015-12-15,601899,09:35:26,2,3.59,4430,1590370
2015-12-15,601899,09:35:21,1,3.58,5246,1878068
2015-12-15,601899,09:35:16,2,3.59,379,136061
2015-12-15,601899,09:35:11,1,3.58,304,108832
2015-12-15,601899,09:35:05,1,3.58,1645,588910
2015-12-15,601899,09:35:00,2,3.59,1588,570092
2015-12-15,601899,09:34:55,1,3.58,695,248810
2015-12-15,601899,09:34:50,2,3.59,9013,3235667
2015-12-15,601899,09:34:45,1,3.58,2946,1054668
2015-12-15,601899,09:34:40,1,3.58,191,68378
2015-12-15,601899,09:34:35,1,3.58,2605,932590
2015-12-15,601899,09:34:30,1,3.58,3421,1224718
2015-12-15,601899,09:34:25,2,3.58,3110,1113380
2015-12-15,601899,09:34:20,1,3.57,2527,902139
2015-12-15,601899,09:34:15,1,3.57,1149,410193
2015-12-15,601899,09:34:10,2,3.58,971,347618
2015-12-15,601899,09:34:05,1,3.57,523,186711
2015-12-15,601899,09:34:00,1,3.57,5520,1970640
2015-12-15,601899,09:33:55,2,3.58,1557,557406
2015-12-15,601899,09:33:50,1,3.57,3900,1392300
2015-12-15,601899,09:33:45,1,3.59,1243,446237
2015-12-15,601899,09:33:40,1,3.59,3337,1197983
2015-12-15,601899,09:33:35,2,3.59,4132,1483431
2015-12-15,601899,09:33:30,1,3.58,1737,621846
2015-12-15,601899,09:33:25,1,3.58,4987,1785346
2015-12-15,601899,09:33:20,2,3.59,2844,1020996
2015-12-15,601899,09:33:15,1,3.58,765,273870
2015-12-15,601899,09:33:10,1,3.59,557,199963
2015-12-15,601899,09:33:05,1,3.59,1227,440493
2015-12-15,601899,09:33:00,1,3.59,3639,1306401
2015-12-15,601899,09:32:55,1,3.59,7983,2865897
2015-12-15,601899,09:32:50,2,3.59,3895,1398305
2015-12-15,601899,09:32:45,2,3.59,2010,721590
2015-12-15,601899,09:32:40,2,3.59,1109,398131
2015-12-15,601899,09:32:35,2,3.59,1493,535987
2015-12-15,601899,09:32:30,1,3.59,3308,1187572
2015-12-15,601899,09:32:25,1,3.59,2023,726257
2015-12-15,601899,09:32:20,1,3.59,2500,897500
2015-12-15,601899,09:32:15,2,3.6,3826,1377360
2015-12-15,601899,09:32:10,2,3.6,589,212040
2015-12-15,601899,09:32:05,2,3.6,1100,396000
2015-12-15,601899,09:32:00,1,3.6,2759,993240
2015-12-15,601899,09:31:55,2,3.6,538,193680
2015-12-15,601899,09:31:50,2,3.6,5691,2048760
2015-12-15,601899,09:31:45,2,3.6,1876,675360
2015-12-15,601899,09:31:40,2,3.6,1426,513360
2015-12-15,601899,09:31:35,2,3.6,743,267480
2015-12-15,601899,09:31:30,1,3.6,1686,606960
2015-12-15,601899,09:31:25,2,3.61,2178,786258
2015-12-15,601899,09:31:19,1,3.6,3684,1326240
2015-12-15,601899,09:31:14,2,3.61,833,300713
2015-12-15,601899,09:31:09,2,3.61,2482,896002
2015-12-15,601899,09:31:04,2,3.61,796,287356
2015-12-15,601899,09:30:59,2,3.61,1587,572907
2015-12-15,601899,09:30:54,2,3.61,3014,1088054
2015-12-15,601899,09:30:49,2,3.61,1392,502512
2015-12-15,601899,09:30:44,2,3.61,237,85557
2015-12-15,601899,09:30:39,1,3.6,382,137520
2015-12-15,601899,09:30:34,2,3.6,901,324360
2015-12-15,601899,09:30:29,2,3.6,676,243360
2015-12-15,601899,09:30:24,1,3.59,4568,1639912
2015-12-15,601899,09:30:19,1,3.59,1603,575477
2015-12-15,601899,09:30:14,1,3.59,628,225452
2015-12-15,601899,09:30:09,1,3.59,15712,5640608
2015-12-15,601899,09:30:04,2,3.59,14261,5119699
2015-12-15,601899,09:25:08,2,3.58,25771,9226018
2015-12-14,601899,15:00:10,2,3.66,0,0
2015-12-14,601899,15:00:00,1,3.65,760,277400
2015-12-14,601899,14:59:55,1,3.65,1788,652912
2015-12-14,601899,14:59:50,2,3.66,855,312944
2015-12-14,601899,14:59:45,1,3.65,503,183609
2015-12-14,601899,14:59:40,1,3.65,272,99513
2015-12-14,601899,14:59:35,1,3.65,648,236520
2015-12-14,601899,14:59:30,2,3.66,4494,1645067
2015-12-14,601899,14:59:15,2,3.66,967,353936
2015-12-14,601899,14:59:10,2,3.66,1789,654817
2015-12-14,601899,14:59:00,1,3.65,902,329259
2015-12-14,601899,14:58:55,1,3.65,1659,605841
2015-12-14,601899,14:58:45,2,3.66,648,237519
2015-12-14,601899,14:58:40,1,3.65,2828,1032278
2015-12-14,601899,14:58:30,1,3.65,1039,379249
2015-12-14,601899,14:58:25,1,3.65,754,275531
2015-12-14,601899,14:58:20,2,3.66,1812,663484
2015-12-14,601899,14:58:10,1,3.65,1536,560873
2015-12-14,601899,14:57:55,1,3.65,657,240140
2015-12-14,601899,14:57:50,1,3.65,990,361379
2015-12-14,601899,14:57:45,2,3.65,4891,1785521
2015-12-14,601899,14:57:40,1,3.65,549,200428
2015-12-14,601899,14:57:35,2,3.65,4806,1754219
2015-12-14,601899,14:57:25,2,3.65,939,343041
2015-12-14,601899,14:57:20,2,3.65,2104,767960
2015-12-14,601899,14:57:10,2,3.65,384,140510
2015-12-14,601899,14:57:05,2,3.65,1125,410668
2015-12-14,601899,14:56:55,2,3.65,1037,378548
2015-12-14,601899,14:56:50,2,3.65,2999,1094766
2015-12-14,601899,14:56:35,1,3.65,1777,648940
2015-12-14,601899,14:56:30,1,3.65,1405,513102
2015-12-14,601899,14:56:20,1,3.65,944,344676
2015-12-14,601899,14:56:15,1,3.65,1618,590891
2015-12-14,601899,14:56:05,1,3.65,1963,716801
2015-12-14,601899,14:55:50,1,3.65,499,182208
2015-12-14,601899,14:55:45,2,3.65,1029,375862
2015-12-14,601899,14:55:35,2,3.65,711,259529
2015-12-14,601899,14:55:30,1,3.65,1968,718553
2015-12-14,601899,14:55:20,1,3.65,1576,575590
2015-12-14,601899,14:55:15,2,3.66,4723,1728925
2015-12-14,601899,14:55:05,1,3.65,995,363481
2015-12-14,601899,14:55:00,1,3.65,1250,456571
2015-12-14,601899,14:54:50,1,3.65,713,260580
2015-12-14,601899,14:54:45,2,3.65,5456,1991556
2015-12-14,601899,14:54:30,2,3.65,1505,549660
2015-12-14,601899,14:54:15,1,3.64,456,165984
2015-12-14,601899,14:54:10,2,3.65,809,295620
2015-12-14,601899,14:54:00,1,3.65,420,153592
2015-12-14,601899,14:53:55,2,3.66,1605,587473
2015-12-14,601899,14:53:45,1,3.65,623,227409
2015-12-14,601899,14:53:40,1,3.65,1176,429240
2015-12-14,601899,14:53:30,2,3.66,379,139021
2015-12-14,601899,14:53:25,1,3.65,1128,411720
2015-12-14,601899,14:53:15,2,3.66,1610,589347
2015-12-14,601899,14:53:10,1,3.65,1952,712480
2015-12-14,601899,14:52:55,1,3.65,364,133152
2015-12-14,601899,14:52:50,2,3.65,1513,552347
2015-12-14,601899,14:52:45,2,3.65,870,317579
2015-12-14,601899,14:52:40,2,3.65,2604,950752
2015-12-14,601899,14:52:35,2,3.65,333,121588
2015-12-14,601899,14:52:30,2,3.65,458,167491
2015-12-14,601899,14:52:25,1,3.65,999,364766
2015-12-14,601899,14:52:20,1,3.65,2880,1051200
2015-12-14,601899,14:52:10,1,3.65,2613,953788
2015-12-14,601899,14:51:55,1,3.65,156,57232
2015-12-14,601899,14:51:50,1,3.65,3120,1138800
2015-12-14,601899,14:51:35,2,3.66,438,160337
2015-12-14,601899,14:51:30,1,3.65,831,303329
2015-12-14,601899,14:51:20,1,3.65,621,226708
2015-12-14,601899,14:51:15,2,3.66,1011,370333
2015-12-14,601899,14:51:05,2,3.66,1069,391297
2015-12-14,601899,14:50:55,1,3.65,338,123691
2015-12-14,601899,14:50:50,1,3.65,1919,700449
2015-12-14,601899,14:50:40,1,3.65,2333,851588
2015-12-14,601899,14:50:30,1,3.65,416,151840
2015-12-14,601899,14:50:25,1,3.65,1280,467550
2015-12-14,601899,14:50:20,2,3.66,3417,1250958
2015-12-14,601899,14:50:10,1,3.65,631,230329
2015-12-14,601899,14:50:05,1,3.65,1704,622310
2015-12-14,601899,14:49:55,2,3.66,1923,704125
2015-12-14,601899,14:49:45,2,3.66,2428,888706
2015-12-14,601899,14:49:30,2,3.66,1362,498814
2015-12-14,601899,14:49:10,2,3.66,1568,573888
2015-12-14,601899,14:48:55,1,3.65,111,40529
2015-12-14,601899,14:48:50,2,3.66,3036,1111234
2015-12-14,601899,14:48:40,2,3.66,248,91119
2015-12-14,601899,14:48:34,1,3.65,1227,448161
2015-12-14,601899,14:48:19,2,3.66,1099,402307
2015-12-14,601899,14:48:09,2,3.66,337,123678
2015-12-14,601899,14:48:04,1,3.66,493,180599
2015-12-14,601899,14:47:54,1,3.66,555,203437
2015-12-14,601899,14:47:49,1,3.66,1118,409217
2015-12-14,601899,14:47:44,2,3.67,1296,475984
2015-12-14,601899,14:47:34,1,3.66,668,244546
2015-12-14,601899,14:47:29,1,3.66,1435,525517
2015-12-14,601899,14:47:19,2,3.67,575,211039
2015-12-14,601899,14:47:14,1,3.66,800,292800
2015-12-14,601899,14:47:04,1,3.66,461,168769
2015-12-14,601899,14:46:59,2,3.67,4918,1804935
2015-12-14,601899,14:46:49,2,3.67,200,73400
2015-12-14,601899,14:46:44,1,3.66,1000,366000
2015-12-14,601899,14:46:34,2,3.67,320,117792
2015-12-14,601899,14:46:29,1,3.66,201,73902
2015-12-14,601899,14:46:24,2,3.67,349,128127
2015-12-14,601899,14:46:19,2,3.67,226,83030
2015-12-14,601899,14:46:14,1,3.66,620,226978
2015-12-14,601899,14:46:04,1,3.66,120,43920
2015-12-14,601899,14:45:59,1,3.66,1181,432289
2015-12-14,601899,14:45:49,1,3.66,620,227212
2015-12-14,601899,14:45:44,2,3.67,164,60246
2015-12-14,601899,14:45:39,1,3.66,600,219600
2015-12-14,601899,14:45:29,1,3.66,395,144877
2015-12-14,601899,14:45:24,1,3.66,478,175211
2015-12-14,601899,14:45:14,2,3.67,550,201879
2015-12-14,601899,14:45:09,2,3.67,1229,451087
2015-12-14,601899,14:44:54,1,3.66,611,223933
2015-12-14,601899,14:44:39,2,3.67,744,273048
2015-12-14,601899,14:44:24,1,3.66,359,131408
2015-12-14,601899,14:44:14,2,3.67,123,45214
2015-12-14,601899,14:44:09,2,3.67,158,58250
2015-12-14,601899,14:44:04,1,3.66,598,218897
2015-12-14,601899,14:43:54,1,3.66,832,304863
2015-12-14,601899,14:43:39,2,3.67,925,339519
2015-12-14,601899,14:43:24,2,3.67,424,155608
2015-12-14,601899,14:43:19,1,3.67,681,250264
2015-12-14,601899,14:43:09,0,3.67,336,123312
2015-12-14,601899,14:43:04,1,3.66,704,257664
2015-12-14,601899,14:42:49,2,3.67,8707,3195542
2015-12-14,601899,14:42:39,1,3.66,62,22955
2015-12-14,601899,14:42:34,1,3.66,991,362720
2015-12-14,601899,14:42:19,1,3.66,896,327936
2015-12-14,601899,14:42:04,1,3.66,640,234591
2015-12-14,601899,14:41:59,2,3.67,876,321550
2015-12-14,601899,14:41:49,2,3.67,1429,524487
2015-12-14,601899,14:41:44,1,3.66,5596,2048428
2015-12-14,601899,14:41:34,1,3.66,84,30802
2015-12-14,601899,14:41:29,2,3.67,855,313799
2015-12-14,601899,14:41:14,2,3.67,257,94656
2015-12-14,601899,14:41:04,1,3.66,1191,435920
2015-12-14,601899,14:40:54,2,3.67,287,105343
2015-12-14,601899,14:40:49,1,3.67,1865,684675
2015-12-14,601899,14:40:39,1,3.67,2518,924135
2015-12-14,601899,14:40:34,1,3.67,2522,925896
2015-12-14,601899,14:40:24,1,3.67,436,160070
2015-12-14,601899,14:40:19,2,3.68,1468,540400
2015-12-14,601899,14:40:09,1,3.67,642,235936
2015-12-14,601899,14:40:04,2,3.68,727,267550
2015-12-14,601899,14:39:59,1,3.67,1528,560776
2015-12-14,601899,14:39:54,2,3.68,1243,457615
2015-12-14,601899,14:39:44,1,3.67,425,156312
2015-12-14,601899,14:39:39,2,3.68,6360,2340715
2015-12-14,601899,14:39:19,2,3.68,598,220093
2015-12-14,601899,14:39:14,1,3.67,472,173224
2015-12-14,601899,14:39:04,2,3.68,6174,2272061
2015-12-14,601899,14:38:49,2,3.68,553,203842
2015-12-14,601899,14:38:44,2,3.68,1187,436889
2015-12-14,601899,14:38:34,1,3.67,280,103112
2015-12-14,601899,14:38:29,1,3.67,907,333177
2015-12-14,601899,14:38:19,1,3.67,573,210335
2015-12-14,601899,14:38:14,2,3.68,1392,512256
2015-12-14,601899,14:37:59,2,3.68,4302,1583165
2015-12-14,601899,14:37:44,1,3.67,435,159953
2015-12-14,601899,14:37:39,2,3.68,1504,553825
2015-12-14,601899,14:37:29,1,3.67,2136,784264
2015-12-14,601899,14:37:14,1,3.68,2604,958330
2015-12-14,601899,14:36:59,1,3.68,1521,560066
2015-12-14,601899,14:36:54,1,3.68,1783,656158
2015-12-14,601899,14:36:44,1,3.68,655,241172
2015-12-14,601899,14:36:39,1,3.68,1555,572313
2015-12-14,601899,14:36:29,1,3.68,2099,772741
2015-12-14,601899,14:36:24,2,3.68,3406,1253672
2015-12-14,601899,14:36:14,1,3.67,2006,736466
2015-12-14,601899,14:36:09,1,3.67,25379,9314166
2015-12-14,601899,14:35:54,1,3.67,5513,2023608
2015-12-14,601899,14:35:39,1,3.67,282,103816
2015-12-14,601899,14:35:34,2,3.68,1467,540047
2015-12-14,601899,14:35:24,2,3.68,6116,2250746
2015-12-14,601899,14:35:19,1,3.67,1272,466824
2015-12-14,601899,14:35:19,2,3.68,386,142371
2015-12-14,601899,14:35:09,2,3.68,487,179230
2015-12-14,601899,14:35:04,2,3.68,900,331258
2015-12-14,601899,14:34:53,2,3.67,11320,4154440
2015-12-14,601899,14:34:48,2,3.67,5752,2111336
2015-12-14,601899,14:34:33,1,3.66,1423,520832
2015-12-14,601899,14:34:18,2,3.66,27064,9905424
2015-12-14,601899,14:34:13,2,3.66,3343,1223552
2015-12-14,601899,14:34:03,2,3.66,792,290106
2015-12-14,601899,14:33:58,2,3.66,395,144877
2015-12-14,601899,14:33:48,2,3.66,1302,476678
2015-12-14,601899,14:33:43,2,3.65,674,246331
2015-12-14,601899,14:33:33,1,3.64,42757,15563708
2015-12-14,601899,14:33:18,1,3.64,574,208965
2015-12-14,601899,14:33:13,2,3.64,19794,7205103
2015-12-14,601899,14:33:03,1,3.63,2430,882119
2015-12-14,601899,14:32:58,1,3.63,1292,469286
2015-12-14,601899,14:32:43,1,3.63,521,189456
2015-12-14,601899,14:32:33,2,3.64,172,62666
2015-12-14,601899,14:32:28,1,3.63,65,23928
2015-12-14,601899,14:32:23,1,3.63,112,40656
2015-12-14,601899,14:32:18,1,3.63,33,12312
2015-12-14,601899,14:32:13,2,3.64,426,155151
2015-12-14,601899,14:32:08,2,3.64,2069,753392
2015-12-14,601899,14:31:58,1,3.63,158,57383
2015-12-14,601899,14:31:53,1,3.63,38,13823
2015-12-14,601899,14:31:48,2,3.64,173,63015
2015-12-14,601899,14:31:43,2,3.64,152,55328
2015-12-14,601899,14:31:38,2,3.64,901,328240
2015-12-14,601899,14:31:28,1,3.63,882,320485
2015-12-14,601899,14:31:23,1,3.63,108,39262
2015-12-14,601899,14:31:13,2,3.64,130,47640
2015-12-14,601899,14:31:08,2,3.64,6346,2310264
2015-12-14,601899,14:30:48,1,3.63,397,144154
2015-12-14,601899,14:30:43,2,3.64,385,140474
2015-12-14,601899,14:30:33,1,3.63,196,71206
2015-12-14,601899,14:30:28,1,3.63,280,101640
2015-12-14,601899,14:30:18,2,3.64,383,139426
2015-12-14,601899,14:30:13,2,3.64,327,119042
2015-12-14,601899,14:30:03,1,3.63,368,133584
2015-12-14,601899,14:29:58,2,3.64,409,149210
2015-12-14,601899,14:29:48,1,3.63,80,29040
2015-12-14,601899,14:29:43,2,3.64,313,114266
2015-12-14,601899,14:29:33,1,3.63,110,39959
2015-12-14,601899,14:29:28,2,3.64,656,238900
2015-12-14,601899,14:29:13,2,3.64,133,48455
2015-12-14,601899,14:29:08,2,3.64,253,92135
2015-12-14,601899,14:29:03,2,3.64,41,15258
2015-12-14,601899,14:28:58,2,3.64,360,131040
2015-12-14,601899,14:28:53,2,3.64,691,251713
2015-12-14,601899,14:28:43,1,3.63,80,29040
2015-12-14,601899,14:28:38,1,3.63,206,74807
2015-12-14,601899,14:28:28,2,3.64,136,49504
2015-12-14,601899,14:28:23,2,3.64,602,219448
2015-12-14,601899,14:28:13,1,3.63,320,116508
2015-12-14,601899,14:28:08,1,3.63,2264,821832
2015-12-14,601899,14:27:53,2,3.64,4157,1513191
2015-12-14,601899,14:27:38,2,3.64,756,275475
2015-12-14,601899,14:27:23,2,3.64,32,11997
2015-12-14,601899,14:27:18,1,3.63,1910,693359
2015-12-14,601899,14:27:08,2,3.64,107,39020
2015-12-14,601899,14:27:03,2,3.64,140,51251
2015-12-14,601899,14:26:53,2,3.64,3055,1112034
2015-12-14,601899,14:26:48,2,3.64,457,166682
2015-12-14,601899,14:26:38,1,3.63,3947,1432833
2015-12-14,601899,14:26:23,1,3.63,963,349873
2015-12-14,601899,14:26:18,1,3.63,401,145896
2015-12-14,601899,14:26:08,1,3.63,682,247653
2015-12-14,601899,14:26:03,2,3.64,172,62899
2015-12-14,601899,14:25:53,1,3.63,298,108261
2015-12-14,601899,14:25:48,1,3.63,1272,462084
2015-12-14,601899,14:25:33,1,3.63,1328,482412
2015-12-14,601899,14:25:18,1,3.63,158,57383
2015-12-14,601899,14:25:13,2,3.64,1061,386247
2015-12-14,601899,14:25:03,2,3.64,1485,540816
2015-12-14,601899,14:24:58,1,3.63,300,108958
2015-12-14,601899,14:24:48,1,3.63,154,56221
2015-12-14,601899,14:24:43,1,3.63,300,108958
2015-12-14,601899,14:24:33,1,3.63,129,47160
2015-12-14,601899,14:24:28,1,3.63,464,168432
2015-12-14,601899,14:24:18,1,3.63,55,19979
2015-12-14,601899,14:24:13,2,3.64,137,50202
2015-12-14,601899,14:24:08,1,3.63,22,8015
2015-12-14,601899,14:24:03,1,3.63,781,283546
2015-12-14,601899,14:23:58,2,3.64,440,160509
2015-12-14,601899,14:23:53,1,3.63,416,151008
2015-12-14,601899,14:23:43,2,3.64,216,78624
2015-12-14,601899,14:23:38,1,3.63,474,172381
2015-12-14,601899,14:23:28,2,3.64,198,72101
2015-12-14,601899,14:23:23,1,3.63,1143,414923
2015-12-14,601899,14:23:13,1,3.63,669,243122
2015-12-14,601899,14:22:58,1,3.63,257,93392
2015-12-14,601899,14:22:53,2,3.64,795,289685
2015-12-14,601899,14:22:43,2,3.64,71,25858
2015-12-14,601899,14:22:38,2,3.64,2070,753509
2015-12-14,601899,14:22:23,1,3.63,888,322344
2015-12-14,601899,14:22:08,2,3.64,111,40418
2015-12-14,601899,14:22:03,2,3.64,211,77109
2015-12-14,601899,14:21:53,2,3.64,217,79322
2015-12-14,601899,14:21:48,1,3.63,464,168432
2015-12-14,601899,14:21:38,1,3.63,54,19631
2015-12-14,601899,14:21:33,1,3.63,573,208042
2015-12-14,601899,14:21:22,2,3.64,356,129875
2015-12-14,601899,14:21:17,1,3.63,108,39262
2015-12-14,601899,14:21:12,2,3.64,554,201976
2015-12-14,601899,14:21:02,1,3.63,702,254855
2015-12-14,601899,14:20:57,1,3.63,507,184345
2015-12-14,601899,14:20:47,2,3.64,383,139426
2015-12-14,601899,14:20:37,2,3.64,639,232610
2015-12-14,601899,14:20:27,2,3.64,101,36807
2015-12-14,601899,14:20:22,1,3.63,96,35196
2015-12-14,601899,14:20:12,1,3.63,475,172729
2015-12-14,601899,14:19:57,1,3.63,702,254855
2015-12-14,601899,14:19:52,2,3.64,485,176583
2015-12-14,601899,14:19:42,2,3.64,10,3960
2015-12-14,601899,14:19:37,2,3.64,261,95047
2015-12-14,601899,14:19:27,1,3.63,198,71903
2015-12-14,601899,14:19:22,2,3.64,68,24926
2015-12-14,601899,14:19:12,1,3.63,136,49368
2015-12-14,601899,14:19:07,1,3.63,657,238824
2015-12-14,601899,14:18:57,2,3.64,23,8386
2015-12-14,601899,14:18:52,2,3.64,32,11648
2015-12-14,601899,14:18:47,2,3.64,308,112403
2015-12-14,601899,14:18:37,2,3.64,747,271980
2015-12-14,601899,14:18:22,1,3.63,399,144851
2015-12-14,601899,14:18:07,2,3.64,54,19918
2015-12-14,601899,14:18:02,1,3.63,450,163437
2015-12-14,601899,14:17:52,1,3.63,168,60984
2015-12-14,601899,14:17:47,2,3.64,36,13395
2015-12-14,601899,14:17:42,2,3.64,256,93533
2015-12-14,601899,14:17:37,1,3.63,35,12777
2015-12-14,601899,14:17:32,2,3.64,128,46592
2015-12-14,601899,14:17:27,1,3.63,905,328848
2015-12-14,601899,14:17:17,1,3.63,244,88630
2015-12-14,601899,14:17:12,1,3.63,806,292839
2015-12-14,601899,14:17:12,2,3.64,32,11648
2015-12-14,601899,14:17:02,2,3.64,894,325445
2015-12-14,601899,14:16:47,2,3.64,229,83399
2015-12-14,601899,14:16:37,2,3.64,532,193939
2015-12-14,601899,14:16:32,2,3.64,114,41583
2015-12-14,601899,14:16:27,2,3.64,788,287123
2015-12-14,601899,14:16:17,1,3.63,117,42514
2015-12-14,601899,14:16:12,1,3.63,778,282733
2015-12-14,601899,14:16:02,2,3.64,544,198365
2015-12-14,601899,14:15:57,1,3.63,233,84680
2015-12-14,601899,14:15:52,1,3.63,320,116508
2015-12-14,601899,14:15:42,2,3.63,68,24858
2015-12-14,601899,14:15:37,2,3.63,1054,382631
2015-12-14,601899,14:15:32,2,3.63,1141,414458
2015-12-14,601899,14:15:27,2,3.63,791,287147
2015-12-14,601899,14:15:22,2,3.63,1287,467195
2015-12-14,601899,14:15:12,2,3.63,465,169128
2015-12-14,601899,14:15:07,2,3.63,3548,1287982
2015-12-14,601899,14:14:57,2,3.63,472,171684
2015-12-14,601899,14:14:52,2,3.63,473,172032
2015-12-14,601899,14:14:42,1,3.62,524,189745
2015-12-14,601899,14:14:37,2,3.63,1271,461387
2015-12-14,601899,14:14:27,2,3.63,713,259152
2015-12-14,601899,14:14:22,2,3.63,1825,662808
2015-12-14,601899,14:14:07,1,3.62,792,286935
2015-12-14,601899,14:14:02,2,3.63,638,231855
2015-12-14,601899,14:13:52,2,3.63,219,79569
2015-12-14,601899,14:13:47,2,3.63,401,145896
2015-12-14,601899,14:13:37,1,3.62,130,47378
2015-12-14,601899,14:13:32,2,3.63,284,103150
2015-12-14,601899,14:13:22,2,3.63,200,72600
2015-12-14,601899,14:13:17,2,3.63,480,174588
2015-12-14,601899,14:13:07,1,3.62,421,152445
2015-12-14,601899,14:13:02,2,3.63,1400,508200
2015-12-14,601899,14:12:52,1,3.62,378,137154
2015-12-14,601899,14:12:47,1,3.62,598,216504
2015-12-14,601899,14:12:32,1,3.62,125,45293
2015-12-14,601899,14:12:27,2,3.63,489,177840
2015-12-14,601899,14:12:17,1,3.62,208,75296
2015-12-14,601899,14:12:12,2,3.63,243,88513
2015-12-14,601899,14:12:02,2,3.63,157,57034
2015-12-14,601899,14:11:57,2,3.63,573,208042
2015-12-14,601899,14:11:47,1,3.62,576,208512
2015-12-14,601899,14:11:42,1,3.62,426,154530
2015-12-14,601899,14:11:27,1,3.62,696,252299
2015-12-14,601899,14:11:22,1,3.62,617,223687
2015-12-14,601899,14:11:12,1,3.62,109,39501
2015-12-14,601899,14:11:07,1,3.62,1253,453629
2015-12-14,601899,14:10:52,2,3.63,1262,458367
2015-12-14,601899,14:10:47,1,3.62,381,137965
2015-12-14,601899,14:10:37,1,3.62,74,27106
2015-12-14,601899,14:10:32,2,3.63,71,25787
2015-12-14,601899,14:10:22,2,3.63,370,134397
2015-12-14,601899,14:10:17,1,3.62,1041,377175
2015-12-14,601899,14:10:07,1,3.62,1253,453861
2015-12-14,601899,14:10:02,2,3.63,201,73064
2015-12-14,601899,14:09:52,1,3.62,1098,397794
2015-12-14,601899,14:09:37,2,3.63,48,17424
2015-12-14,601899,14:09:32,2,3.63,400,145548
2015-12-14,601899,14:09:22,2,3.63,217,79104
2015-12-14,601899,14:09:17,2,3.63,245,88978
2015-12-14,601899,14:09:07,2,3.63,73,26832
2015-12-14,601899,14:09:02,1,3.63,649,235920
2015-12-14,601899,14:08:52,1,3.63,513,186552
2015-12-14,601899,14:08:47,1,3.63,344,124872
2015-12-14,601899,14:08:42,1,3.63,936,339768
2015-12-14,601899,14:08:37,1,3.63,462,167735
2015-12-14,601899,14:08:32,1,3.63,154,56221
2015-12-14,601899,14:08:27,1,3.63,1077,390994
2015-12-14,601899,14:08:17,1,3.63,96,35196
2015-12-14,601899,14:08:12,1,3.63,870,315839
2015-12-14,601899,14:08:02,2,3.64,347,126613
2015-12-14,601899,14:07:57,1,3.63,787,285869
2015-12-14,601899,14:07:46,1,3.63,222,80615
2015-12-14,601899,14:07:41,2,3.64,830,302149
2015-12-14,601899,14:07:31,2,3.64,173,63248
2015-12-14,601899,14:07:26,1,3.63,690,250557
2015-12-14,601899,14:07:11,1,3.63,2580,936830
2015-12-14,601899,14:07:06,2,3.64,368,133952
2015-12-14,601899,14:06:56,2,3.64,176,64413
2015-12-14,601899,14:06:51,1,3.63,919,333611
2015-12-14,601899,14:06:41,1,3.63,248,90372
2015-12-14,601899,14:06:36,2,3.64,1292,470346
2015-12-14,601899,14:06:26,2,3.64,56,20733
2015-12-14,601899,14:06:21,2,3.64,762,277688
2015-12-14,601899,14:06:11,1,3.63,719,261011
2015-12-14,601899,14:06:06,1,3.63,719,261011
2015-12-14,601899,14:05:56,2,3.64,7,2562
2015-12-14,601899,14:05:51,2,3.64,2437,887111
2015-12-14,601899,14:05:36,2,3.64,417,152122
2015-12-14,601899,14:05:31,2,3.64,175,63714
2015-12-14,601899,14:05:21,1,3.63,64,23232
2015-12-14,601899,14:05:16,2,3.64,985,358874
2015-12-14,601899,14:05:06,1,3.63,287,104195
2015-12-14,601899,14:05:01,2,3.64,474,172856
2015-12-14,601899,14:04:51,2,3.64,54,19685
2015-12-14,601899,14:04:46,2,3.64,1526,555493
2015-12-14,601899,14:04:31,1,3.63,683,248233
2015-12-14,601899,14:04:16,1,3.63,115,41817
2015-12-14,601899,14:04:11,2,3.64,560,204189
2015-12-14,601899,14:04:01,2,3.64,950,345829
2015-12-14,601899,14:03:56,2,3.64,238,86894
2015-12-14,601899,14:03:46,2,3.64,188,68490
2015-12-14,601899,14:03:41,1,3.63,82,30085
2015-12-14,601899,14:03:31,2,3.64,1787,650540
2015-12-14,601899,14:03:26,1,3.63,477,173426
2015-12-14,601899,14:03:16,2,3.64,195,71052
2015-12-14,601899,14:03:11,2,3.64,1144,416416
2015-12-14,601899,14:02:56,2,3.64,222,80837
2015-12-14,601899,14:02:46,2,3.64,2158,785774
2015-12-14,601899,14:02:36,2,3.64,33,12113
2015-12-14,601899,14:02:31,1,3.64,4411,1605676
2015-12-14,601899,14:02:21,1,3.64,10268,3737610
2015-12-14,601899,14:02:16,1,3.64,416,151424
2015-12-14,601899,14:02:06,2,3.65,298,109091
2015-12-14,601899,14:02:01,2,3.65,1256,458790
2015-12-14,601899,14:01:51,1,3.64,157,57191
2015-12-14,601899,14:01:46,2,3.65,247,90169
2015-12-14,601899,14:01:36,1,3.64,528,192541
2015-12-14,601899,14:01:31,2,3.65,559,204049
2015-12-14,601899,14:01:16,2,3.65,107,39361
2015-12-14,601899,14:01:11,1,3.64,593,215953
2015-12-14,601899,14:01:01,2,3.65,360,131750
2015-12-14,601899,14:00:56,1,3.64,962,350488
2015-12-14,601899,14:00:46,2,3.65,459,167841
2015-12-14,601899,14:00:41,2,3.65,1141,416508
2015-12-14,601899,14:00:31,2,3.65,629,229628
2015-12-14,601899,14:00:26,2,3.65,563,205801
2015-12-14,601899,14:00:16,1,3.64,756,275242
2015-12-14,601899,14:00:01,2,3.65,107,39361
2015-12-14,601899,13:59:56,2,3.65,240,87950
2015-12-14,601899,13:59:56,1,3.64,644,234474
2015-12-14,601899,13:59:46,1,3.64,51,18869
2015-12-14,601899,13:59:41,2,3.65,763,278568
2015-12-14,601899,13:59:26,2,3.65,322,117851
2015-12-14,601899,13:59:11,2,3.65,705,257660
2015-12-14,601899,13:59:01,2,3.65,55,20089
2015-12-14,601899,13:58:56,2,3.65,967,352969
2015-12-14,601899,13:58:51,1,3.64,968,352352
2015-12-14,601899,13:58:41,1,3.64,257,93882
2015-12-14,601899,13:58:36,1,3.64,185,67441
2015-12-14,601899,13:58:26,1,3.64,518,188814
2015-12-14,601899,13:58:21,2,3.65,403,147168
2015-12-14,601899,13:58:11,1,3.64,164,59870
2015-12-14,601899,13:58:06,2,3.65,963,351801
2015-12-14,601899,13:57:56,2,3.65,127,46369
2015-12-14,601899,13:57:51,2,3.65,390,142379
2015-12-14,601899,13:57:41,2,3.65,551,201129
2015-12-14,601899,13:57:36,2,3.65,2032,742030
2015-12-14,601899,13:57:21,1,3.64,121,44378
2015-12-14,601899,13:57:16,1,3.64,343,124866
2015-12-14,601899,13:57:16,2,3.65,248,90870
2015-12-14,601899,13:57:06,1,3.64,158,57541
2015-12-14,601899,13:57:01,2,3.65,187,68561
2015-12-14,601899,13:56:51,2,3.65,72,26396
2015-12-14,601899,13:56:46,2,3.65,92,33872
2015-12-14,601899,13:56:41,1,3.64,701,255207
2015-12-14,601899,13:56:36,2,3.65,173,63305
2015-12-14,601899,13:56:31,2,3.65,259,94841
2015-12-14,601899,13:56:21,2,3.65,243,88768
2015-12-14,601899,13:56:16,1,3.64,769,280250
2015-12-14,601899,13:56:06,2,3.65,100,36558
2015-12-14,601899,13:56:01,2,3.65,132,48472
2015-12-14,601899,13:55:51,1,3.64,348,126730
2015-12-14,601899,13:55:46,1,3.64,569,207450
2015-12-14,601899,13:55:36,2,3.65,578,211291
2015-12-14,601899,13:55:31,2,3.65,426,155577
2015-12-14,601899,13:55:16,1,3.64,30,11182
2015-12-14,601899,13:55:11,1,3.64,537,195569
2015-12-14,601899,13:55:01,2,3.65,341,124742
2015-12-14,601899,13:54:56,2,3.65,272,99630
2015-12-14,601899,13:54:46,2,3.65,167,60969
2015-12-14,601899,13:54:41,2,3.65,1971,719488
2015-12-14,601899,13:54:31,1,3.64,541,197200
2015-12-14,601899,13:54:26,1,3.64,1023,372386
2015-12-14,601899,13:54:15,1,3.64,221,80487
2015-12-14,601899,13:54:10,2,3.65,3762,1373451
2015-12-14,601899,13:54:00,2,3.65,196,71598
2015-12-14,601899,13:53:55,2,3.65,287,104769
2015-12-14,601899,13:53:45,2,3.65,353,129180
2015-12-14,601899,13:53:40,2,3.65,689,251820
2015-12-14,601899,13:53:25,2,3.65,461,168308
2015-12-14,601899,13:53:15,1,3.64,72,26208
2015-12-14,601899,13:53:10,2,3.65,654,238739
2015-12-14,601899,13:53:05,2,3.65,561,205100
2015-12-14,601899,13:53:00,2,3.65,51,18921
2015-12-14,601899,13:52:55,1,3.64,165,60103
2015-12-14,601899,13:52:50,1,3.64,370,135000
2015-12-14,601899,13:52:40,2,3.65,68,24878
2015-12-14,601899,13:52:35,1,3.64,201,73498
2015-12-14,601899,13:52:25,1,3.64,830,302149
2015-12-14,601899,13:52:20,1,3.64,91,33429
2015-12-14,601899,13:52:15,2,3.65,637,232548
2015-12-14,601899,13:52:10,1,3.64,54,19685
2015-12-14,601899,13:52:05,2,3.65,293,107222
2015-12-14,601899,13:51:55,2,3.65,467,170528
2015-12-14,601899,13:51:50,1,3.64,1049,382170
2015-12-14,601899,13:51:35,2,3.65,582,212459
2015-12-14,601899,13:51:20,2,3.65,747,272961
2015-12-14,601899,13:51:10,2,3.65,1573,574188
2015-12-14,601899,13:51:00,2,3.65,79,28849
2015-12-14,601899,13:50:50,1,3.64,140,51251
2015-12-14,601899,13:50:40,2,3.65,4162,1519217
2015-12-14,601899,13:50:30,2,3.65,755,275881
2015-12-14,601899,13:50:25,2,3.65,531,193888
2015-12-14,601899,13:50:15,2,3.65,2174,793772
2015-12-14,601899,13:50:00,2,3.65,190,69379
2015-12-14,601899,13:49:55,2,3.65,488,178120
2015-12-14,601899,13:49:45,2,3.65,129,47420
2015-12-14,601899,13:49:40,2,3.65,930,339537
2015-12-14,601899,13:49:30,2,3.65,229,83862
2015-12-14,601899,13:49:25,1,3.64,1499,545708
2015-12-14,601899,13:49:15,1,3.64,1259,458581
2015-12-14,601899,13:49:10,1,3.64,504,183456
2015-12-14,601899,13:49:00,2,3.65,36,13198
2015-12-14,601899,13:48:55,1,3.64,455,165634
2015-12-14,601899,13:48:40,2,3.65,546,199611
2015-12-14,601899,13:48:25,2,3.65,668,243878
2015-12-14,601899,13:48:10,1,3.64,765,278736
2015-12-14,601899,13:47:55,1,3.64,47,17122
2015-12-14,601899,13:47:50,1,3.64,456,165984
2015-12-14,601899,13:47:40,1,3.64,137,50202
2015-12-14,601899,13:47:35,2,3.65,326,119019
2015-12-14,601899,13:47:25,2,3.65,504,183960
2015-12-14,601899,13:47:20,1,3.64,1580,575178
2015-12-14,601899,13:47:10,1,3.64,179,65461
2015-12-14,601899,13:47:05,1,3.64,48,17472
2015-12-14,601899,13:47:00,2,3.65,339,123808
2015-12-14,601899,13:47:00,1,3.64,187,68373
2015-12-14,601899,13:46:50,2,3.65,1567,571969
2015-12-14,601899,13:46:40,2,3.65,111,40529
2015-12-14,601899,13:46:35,1,3.64,176,64064
2015-12-14,601899,13:46:25,1,3.64,552,201277
2015-12-14,601899,13:46:20,1,3.64,1066,388344
2015-12-14,601899,13:46:05,2,3.65,1272,464630
2015-12-14,601899,13:45:50,1,3.64,75,27372
2015-12-14,601899,13:45:45,2,3.65,812,296672
2015-12-14,601899,13:45:35,1,3.64,515,187532
2015-12-14,601899,13:45:20,1,3.64,288,105181
2015-12-14,601899,13:45:15,1,3.64,1394,507736
2015-12-14,601899,13:45:05,1,3.64,39,14210
2015-12-14,601899,13:45:00,1,3.64,292,106346
2015-12-14,601899,13:44:55,1,3.64,119,43330
2015-12-14,601899,13:44:50,2,3.65,368,134320
2015-12-14,601899,13:44:45,1,3.64,2421,881520
2015-12-14,601899,13:44:40,1,3.64,109,39719
2015-12-14,601899,13:44:35,1,3.64,129,47290
2015-12-14,601899,13:44:30,2,3.65,153,56180
2015-12-14,601899,13:44:15,1,3.64,488,177632
2015-12-14,601899,13:44:00,1,3.64,187,68373
2015-12-14,601899,13:43:55,2,3.65,410,149737
2015-12-14,601899,13:43:45,2,3.65,520,190150
2015-12-14,601899,13:43:35,2,3.65,68,25112
2015-12-14,601899,13:43:30,2,3.65,41,15184
2015-12-14,601899,13:43:25,1,3.64,334,121605
2015-12-14,601899,13:43:15,2,3.65,102,37259
2015-12-14,601899,13:43:10,2,3.65,464,169360
2015-12-14,601899,13:43:00,2,3.65,106,39011
2015-12-14,601899,13:42:55,2,3.65,426,155811
2015-12-14,601899,13:42:45,2,3.65,254,92739
2015-12-14,601899,13:42:40,2,3.65,989,361028
2015-12-14,601899,13:42:30,2,3.65,660,241192
2015-12-14,601899,13:42:25,1,3.64,1416,515773
2015-12-14,601899,13:42:10,2,3.65,310,113179
2015-12-14,601899,13:41:55,2,3.65,27,9928
2015-12-14,601899,13:41:50,2,3.65,469,171462
2015-12-14,601899,13:41:40,2,3.65,412,150438
2015-12-14,601899,13:41:35,2,3.65,448,163870
2015-12-14,601899,13:41:25,1,3.64,39,14210
2015-12-14,601899,13:41:20,1,3.64,5648,2055872
2015-12-14,601899,13:41:10,2,3.65,89,32820
2015-12-14,601899,13:41:05,1,3.64,506,184504
2015-12-14,601899,13:40:55,1,3.64,182,66277
2015-12-14,601899,13:40:50,2,3.65,433,158380
2015-12-14,601899,13:40:39,1,3.64,104,37856
2015-12-14,601899,13:40:34,1,3.64,171,62316
2015-12-14,601899,13:40:24,1,3.64,227,82933
2015-12-14,601899,13:40:19,2,3.65,487,177769
2015-12-14,601899,13:40:04,2,3.64,2619,953388
2015-12-14,601899,13:39:49,2,3.64,1422,517637
2015-12-14,601899,13:39:34,2,3.64,5544,2018016
2015-12-14,601899,13:39:19,2,3.64,744,270816
2015-12-14,601899,13:39:04,2,3.64,1369,498650
2015-12-14,601899,13:38:59,1,3.63,608,220704
2015-12-14,601899,13:38:49,2,3.64,283,103084
2015-12-14,601899,13:38:39,1,3.63,787,285985
2015-12-14,601899,13:38:34,2,3.64,96,35293
2015-12-14,601899,13:38:29,2,3.64,1365,496903
2015-12-14,601899,13:38:19,2,3.64,68,25043
2015-12-14,601899,13:38:14,2,3.64,370,134709
2015-12-14,601899,13:38:04,2,3.64,148,53872
2015-12-14,601899,13:37:59,2,3.64,3931,1430898
2015-12-14,601899,13:37:39,2,3.64,156,57133
2015-12-14,601899,13:37:34,2,3.64,33,12055
2015-12-14,601899,13:37:29,1,3.63,282,102685
2015-12-14,601899,13:37:19,1,3.63,414,150311
2015-12-14,601899,13:37:09,1,3.63,191,69347
2015-12-14,601899,13:36:54,2,3.64,394,143736
2015-12-14,601899,13:36:49,2,3.64,137,49911
2015-12-14,601899,13:36:39,2,3.64,264,96445
2015-12-14,601899,13:36:29,2,3.64,260,94989
2015-12-14,601899,13:36:14,1,3.63,592,215244
2015-12-14,601899,13:36:09,2,3.64,59,21490
2015-12-14,601899,13:36:04,2,3.64,346,125973
2015-12-14,601899,13:35:54,2,3.64,118,43272
2015-12-14,601899,13:35:49,2,3.64,474,172565
2015-12-14,601899,13:35:39,2,3.64,73,26906
2015-12-14,601899,13:35:34,1,3.63,698,253403
2015-12-14,601899,13:35:24,1,3.63,56,20328
2015-12-14,601899,13:35:19,2,3.64,268,97901
2015-12-14,601899,13:35:09,1,3.63,84,30492
2015-12-14,601899,13:35:04,1,3.63,436,158616
2015-12-14,601899,13:34:59,2,3.64,294,107045
2015-12-14,601899,13:34:49,1,3.63,137,50064
2015-12-14,601899,13:34:44,2,3.64,230,83749
2015-12-14,601899,13:34:34,2,3.64,60,22189
2015-12-14,601899,13:34:29,2,3.64,136,49504
2015-12-14,601899,13:34:19,2,3.64,136,49504
2015-12-14,601899,13:34:14,2,3.64,103,37506
2015-12-14,601899,13:34:04,1,3.63,676,245736
2015-12-14,601899,13:33:59,1,3.63,354,128531
2015-12-14,601899,13:33:49,1,3.63,482,175285
2015-12-14,601899,13:33:44,2,3.64,360,131040
2015-12-14,601899,13:33:34,1,3.63,46,16727
2015-12-14,601899,13:33:29,1,3.63,516,187308
2015-12-14,601899,13:33:19,2,3.64,184,67325
2015-12-14,601899,13:33:14,2,3.64,278,101221
2015-12-14,601899,13:33:09,1,3.63,560,203280
2015-12-14,601899,13:32:59,1,3.63,46,17017
2015-12-14,601899,13:32:54,2,3.64,1166,424453
2015-12-14,601899,13:32:49,1,3.63,604,219252
2015-12-14,601899,13:32:44,2,3.64,665,242394
2015-12-14,601899,13:32:29,1,3.63,183,66443
2015-12-14,601899,13:32:24,1,3.63,218,79163
2015-12-14,601899,13:32:14,1,3.63,100,36300
2015-12-14,601899,13:32:09,1,3.63,484,175692
2015-12-14,601899,13:31:59,1,3.63,80,29388
2015-12-14,601899,13:31:54,2,3.64,197,72042
2015-12-14,601899,13:31:49,2,3.64,113,41175
2015-12-14,601899,13:31:44,2,3.64,309,112810
2015-12-14,601899,13:31:39,1,3.63,63,22883
2015-12-14,601899,13:31:34,1,3.63,309,112500
2015-12-14,601899,13:31:29,2,3.64,397,144551
2015-12-14,601899,13:31:24,2,3.64,165,60394
2015-12-14,601899,13:31:19,1,3.63,19,6911
2015-12-14,601899,13:31:14,1,3.63,680,246840
2015-12-14,601899,13:31:09,2,3.64,472,171808
2015-12-14,601899,13:31:04,2,3.64,567,206402
2015-12-14,601899,13:30:59,2,3.64,144,52765
2015-12-14,601899,13:30:54,2,3.64,159,57890
2015-12-14,601899,13:30:49,1,3.63,288,104544
2015-12-14,601899,13:30:39,1,3.63,73,26832
2015-12-14,601899,13:30:34,2,3.64,80,29120
2015-12-14,601899,13:30:24,2,3.64,102,37157
2015-12-14,601899,13:30:19,2,3.64,445,162314
2015-12-14,601899,13:30:04,1,3.63,778,282443
2015-12-14,601899,13:29:49,2,3.64,152,55677
2015-12-14,601899,13:29:44,1,3.63,92,33396
2015-12-14,601899,13:29:39,1,3.63,32,11964
2015-12-14,601899,13:29:34,2,3.64,2319,844130
2015-12-14,601899,13:29:19,2,3.64,136,49853
2015-12-14,601899,13:29:09,2,3.64,258,93941
2015-12-14,601899,13:29:04,1,3.63,488,177144
2015-12-14,601899,13:28:59,2,3.64,276,100464
2015-12-14,601899,13:28:49,2,3.64,18,6872
2015-12-14,601899,13:28:44,2,3.64,119,43330
2015-12-14,601899,13:28:34,2,3.64,288,104832
2015-12-14,601899,13:28:29,1,3.63,427,155015
2015-12-14,601899,13:28:19,2,3.64,440,160509
2015-12-14,601899,13:28:14,2,3.64,539,196210
2015-12-14,601899,13:27:59,2,3.64,495,180194
2015-12-14,601899,13:27:44,2,3.64,266,97144
2015-12-14,601899,13:27:39,2,3.64,47,17122
2015-12-14,601899,13:27:34,1,3.63,270,98039
2015-12-14,601899,13:27:29,1,3.64,1119,407447
2015-12-14,601899,13:27:19,1,3.64,948,345072
2015-12-14,601899,13:27:14,1,3.64,1793,652695
2015-12-14,601899,13:27:03,2,3.65,569,208020
2015-12-14,601899,13:26:58,1,3.64,1874,682165
2015-12-14,601899,13:26:38,1,3.64,294,107336
2015-12-14,601899,13:26:28,1,3.64,45,16656
2015-12-14,601899,13:26:23,1,3.64,513,187066
2015-12-14,601899,13:26:08,1,3.64,558,203141
2015-12-14,601899,13:25:58,1,3.64,128,46941
2015-12-14,601899,13:25:53,1,3.64,1040,378560
2015-12-14,601899,13:25:43,1,3.64,679,247170
2015-12-14,601899,13:25:33,2,3.65,930,339712
2015-12-14,601899,13:25:18,2,3.65,372,135780
2015-12-14,601899,13:25:13,1,3.64,2420,881229
2015-12-14,601899,13:25:03,2,3.65,440,160950
2015-12-14,601899,13:24:58,2,3.65,282,102959
2015-12-14,601899,13:24:48,2,3.65,65,24060
2015-12-14,601899,13:24:43,2,3.65,864,315360
2015-12-14,601899,13:24:33,2,3.65,167,61203
2015-12-14,601899,13:24:28,1,3.64,286,104133
2015-12-14,601899,13:24:23,1,3.64,120,44029
2015-12-14,601899,13:24:18,2,3.65,8,2920
2015-12-14,601899,13:24:13,1,3.64,238,86661
2015-12-14,601899,13:24:08,1,3.64,76,28013
2015-12-14,601899,13:24:03,2,3.65,428,156570
2015-12-14,601899,13:23:58,1,3.64,115,41874
2015-12-14,601899,13:23:53,1,3.64,129,47290
2015-12-14,601899,13:23:43,2,3.65,232,84680
2015-12-14,601899,13:23:38,2,3.65,106,38719
2015-12-14,601899,13:23:28,1,3.64,229,83574
2015-12-14,601899,13:23:23,1,3.64,188,68432
2015-12-14,601899,13:23:13,2,3.65,1413,515788
2015-12-14,601899,13:23:08,1,3.64,672,244608
2015-12-14,601899,13:22:53,2,3.65,756,275940
2015-12-14,601899,13:22:38,1,3.64,221,80778
2015-12-14,601899,13:22:33,2,3.65,172,63013
2015-12-14,601899,13:22:23,2,3.65,64,23360
2015-12-14,601899,13:22:18,2,3.65,64,23360
2015-12-14,601899,13:22:18,1,3.64,141,51367
2015-12-14,601899,13:22:08,1,3.64,56,20733
2015-12-14,601899,13:22:03,2,3.65,1544,563560
2015-12-14,601899,13:21:53,1,3.64,164,60045
2015-12-14,601899,13:21:48,2,3.65,360,131400
2015-12-14,601899,13:21:38,1,3.64,537,195744
2015-12-14,601899,13:21:23,1,3.64,161,58938
2015-12-14,601899,13:21:08,2,3.65,1568,572320
2015-12-14,601899,13:21:03,2,3.65,478,174499
2015-12-14,601899,13:20:53,1,3.64,128,46941
2015-12-14,601899,13:20:48,1,3.64,247,89922
2015-12-14,601899,13:20:43,1,3.64,217,79322
2015-12-14,601899,13:20:38,1,3.64,200,73149
2015-12-14,601899,13:20:33,2,3.65,100,36558
2015-12-14,601899,13:20:28,2,3.65,338,123574
2015-12-14,601899,13:20:18,1,3.64,109,39719
2015-12-14,601899,13:20:13,1,3.64,484,176525
2015-12-14,601899,13:20:03,2,3.65,64,23710
2015-12-14,601899,13:19:58,1,3.64,904,329405
2015-12-14,601899,13:19:48,2,3.65,220,80300
2015-12-14,601899,13:19:43,2,3.65,145,52968
2015-12-14,601899,13:19:33,2,3.65,113,41580
2015-12-14,601899,13:19:28,2,3.65,190,69612
2015-12-14,601899,13:19:18,1,3.64,9,3610
2015-12-14,601899,13:19:13,2,3.65,447,163169
2015-12-14,601899,13:19:03,1,3.64,91,33138
2015-12-14,601899,13:18:58,1,3.64,1384,503776
2015-12-14,601899,13:18:43,1,3.64,432,157248
2015-12-14,601899,13:18:38,2,3.65,176,64240
2015-12-14,601899,13:18:28,1,3.64,620,225912
2015-12-14,601899,13:18:13,2,3.65,722,263559
2015-12-14,601899,13:18:03,1,3.64,106,38904
2015-12-14,601899,13:17:58,2,3.65,741,270508
2015-12-14,601899,13:17:53,2,3.64,431,156898
2015-12-14,601899,13:17:38,1,3.64,1590,579080
2015-12-14,601899,13:17:23,1,3.64,150,54629
2015-12-14,601899,13:17:18,2,3.65,196,71890
2015-12-14,601899,13:17:12,2,3.65,2612,953730
2015-12-14,601899,13:17:02,1,3.64,143,52066
2015-12-14,601899,13:16:57,1,3.64,268,97901
2015-12-14,601899,13:16:52,2,3.65,832,303680
2015-12-14,601899,13:16:47,1,3.64,160,58240
2015-12-14,601899,13:16:42,1,3.64,365,132903
2015-12-14,601899,13:16:32,1,3.64,200,73149
2015-12-14,601899,13:16:27,1,3.64,928,338141
2015-12-14,601899,13:16:17,1,3.64,271,98658
2015-12-14,601899,13:16:12,1,3.64,660,240240
2015-12-14,601899,13:16:07,1,3.64,1519,552988
2015-12-14,601899,13:16:02,1,3.64,965,351594
2015-12-14,601899,13:15:57,1,3.64,619,225330
2015-12-14,601899,13:15:52,1,3.64,351,127778
2015-12-14,601899,13:15:47,1,3.64,116,42224
2015-12-14,601899,13:15:42,1,3.64,404,147405
2015-12-14,601899,13:15:37,2,3.65,254,92914
2015-12-14,601899,13:15:32,1,3.64,400,145949
2015-12-14,601899,13:15:27,1,3.64,788,286832
2015-12-14,601899,13:15:22,1,3.64,337,123002
2015-12-14,601899,13:15:17,1,3.64,920,334880
2015-12-14,601899,13:15:12,1,3.64,258,93941
2015-12-14,601899,13:15:07,1,3.64,305,111354
2015-12-14,601899,13:15:02,2,3.65,425,155168
2015-12-14,601899,13:14:57,1,3.64,86,31624
2015-12-14,601899,13:14:52,2,3.65,349,127428
2015-12-14,601899,13:14:47,1,3.64,466,169944
2015-12-14,601899,13:14:42,2,3.65,510,186179
2015-12-14,601899,13:14:37,1,3.64,88,32381
2015-12-14,601899,13:14:32,2,3.65,20,7300
2015-12-14,601899,13:14:27,1,3.64,242,88117
2015-12-14,601899,13:14:22,2,3.65,1094,399631
2015-12-14,601899,13:14:17,2,3.65,286,104419
2015-12-14,601899,13:14:12,2,3.65,483,176309
2015-12-14,601899,13:14:07,1,3.64,434,158296
2015-12-14,601899,13:14:02,2,3.65,78,28499
2015-12-14,601899,13:13:57,1,3.64,391,142338
2015-12-14,601899,13:13:52,1,3.64,5546,2019064
2015-12-14,601899,13:13:47,1,3.64,603,219506
2015-12-14,601899,13:13:42,2,3.65,24,8760
2015-12-14,601899,13:13:37,1,3.64,291,105938
2015-12-14,601899,13:13:32,2,3.65,109,40120
2015-12-14,601899,13:13:27,1,3.64,72,26208
2015-12-14,601899,13:13:22,2,3.65,1135,414289
2015-12-14,601899,13:13:17,1,3.64,39,14210
2015-12-14,601899,13:13:12,2,3.65,169,62020
2015-12-14,601899,13:13:07,2,3.65,255,93089
2015-12-14,601899,13:13:02,2,3.65,140,51100
2015-12-14,601899,13:12:57,2,3.65,240,87950
2015-12-14,601899,13:12:52,2,3.65,94,34339
2015-12-14,601899,13:12:47,1,3.64,551,200578
2015-12-14,601899,13:12:42,2,3.65,866,316411
2015-12-14,601899,13:12:37,2,3.65,31,11329
2015-12-14,601899,13:12:32,2,3.65,196,71540
2015-12-14,601899,13:12:27,1,3.65,206,75394
2015-12-14,601899,13:12:22,2,3.66,197,72438
2015-12-14,601899,13:12:17,1,3.65,947,345669
2015-12-14,601899,13:12:12,1,3.65,493,180280
2015-12-14,601899,13:12:07,2,3.66,159,58208
2015-12-14,601899,13:12:02,1,3.65,436,159140
2015-12-14,601899,13:11:57,1,3.65,193,70488
2015-12-14,601899,13:11:52,2,3.66,1110,406582
2015-12-14,601899,13:11:47,1,3.65,238,86899
2015-12-14,601899,13:11:42,2,3.66,107,39176
2015-12-14,601899,13:11:37,2,3.66,517,189558
2015-12-14,601899,13:11:32,1,3.65,149,54720
2015-12-14,601899,13:11:27,1,3.65,351,128129
2015-12-14,601899,13:11:22,2,3.66,332,121512
2015-12-14,601899,13:11:17,1,3.65,362,132159
2015-12-14,601899,13:11:12,2,3.66,400,146400
2015-12-14,601899,13:11:07,2,3.66,144,53055
2015-12-14,601899,13:11:02,2,3.66,278,101777
2015-12-14,601899,13:10:57,1,3.65,325,118960
2015-12-14,601899,13:10:52,2,3.66,42,15401
2015-12-14,601899,13:10:47,2,3.66,166,61078
2015-12-14,601899,13:10:42,1,3.65,214,78139
2015-12-14,601899,13:10:36,2,3.66,321,117822
2015-12-14,601899,13:10:31,2,3.66,260,95511
2015-12-14,601899,13:10:26,2,3.66,446,163265
2015-12-14,601899,13:10:21,1,3.65,128,46720
2015-12-14,601899,13:10:16,1,3.65,60,22250
2015-12-14,601899,13:10:11,1,3.65,76,27740
2015-12-14,601899,13:10:06,1,3.65,518,189099
2015-12-14,601899,13:10:01,2,3.65,2985,1089685
2015-12-14,601899,13:09:56,1,3.64,484,176525
2015-12-14,601899,13:09:51,2,3.65,173,63188
2015-12-14,601899,13:09:46,1,3.64,168,61152
2015-12-14,601899,13:09:41,1,3.64,205,74954
2015-12-14,601899,13:09:36,1,3.64,159,57890
2015-12-14,601899,13:09:31,2,3.65,156,57290
2015-12-14,601899,13:09:26,1,3.64,103,37506
2015-12-14,601899,13:09:21,1,3.64,264,96445
2015-12-14,601899,13:09:16,2,3.65,144,52560
2015-12-14,601899,13:09:11,2,3.65,152,55830
2015-12-14,601899,13:09:06,2,3.65,325,118668
2015-12-14,601899,13:09:01,2,3.65,276,101090
2015-12-14,601899,13:08:56,1,3.64,387,140882
2015-12-14,601899,13:08:51,2,3.65,253,92680
2015-12-14,601899,13:08:46,2,3.65,312,114230
2015-12-14,601899,13:08:41,2,3.65,14,5139
2015-12-14,601899,13:08:36,2,3.65,79,28849
2015-12-14,601899,13:08:31,1,3.64,149,54570
2015-12-14,601899,13:08:26,2,3.65,359,131049
2015-12-14,601899,13:08:21,2,3.65,61,22600
2015-12-14,601899,13:08:16,2,3.65,134,48939
2015-12-14,601899,13:08:11,2,3.65,181,66400
2015-12-14,601899,13:08:06,1,3.65,1500,547675
2015-12-14,601899,13:08:01,1,3.65,425,155168
2015-12-14,601899,13:07:56,1,3.65,275,100389
2015-12-14,601899,13:07:51,1,3.65,1337,488340
2015-12-14,601899,13:07:46,1,3.65,248,90870
2015-12-14,601899,13:07:41,2,3.66,1331,487160
2015-12-14,601899,13:07:31,2,3.66,912,333792
2015-12-14,601899,13:07:26,2,3.66,395,144584
2015-12-14,601899,13:07:21,2,3.66,90,33262
2015-12-14,601899,13:07:16,1,3.65,2033,742088
2015-12-14,601899,13:07:11,2,3.66,70,25942
2015-12-14,601899,13:07:06,1,3.65,111,40529
2015-12-14,601899,13:07:01,2,3.66,615,225104
2015-12-14,601899,13:06:56,1,3.65,568,207670
2015-12-14,601899,13:06:51,2,3.66,1262,461921
2015-12-14,601899,13:06:41,2,3.66,234,85966
2015-12-14,601899,13:06:31,1,3.65,350,127779
2015-12-14,601899,13:06:26,2,3.66,148,54168
2015-12-14,601899,13:06:21,2,3.66,196,71736
2015-12-14,601899,13:06:16,2,3.66,159,58208
2015-12-14,601899,13:06:11,2,3.66,88,32559
2015-12-14,601899,13:06:06,2,3.66,483,176792
2015-12-14,601899,13:06:01,2,3.66,182,66934
2015-12-14,601899,13:05:56,1,3.65,28,10278
2015-12-14,601899,13:05:51,2,3.66,1244,455655
2015-12-14,601899,13:05:41,2,3.66,2008,735279
2015-12-14,601899,13:05:36,1,3.65,1319,481449
2015-12-14,601899,13:05:31,2,3.66,792,290223
2015-12-14,601899,13:05:26,1,3.65,261,95600
2015-12-14,601899,13:05:16,2,3.66,372,136210
2015-12-14,601899,13:05:11,1,3.65,849,310220
2015-12-14,601899,13:05:06,1,3.65,136,49640
2015-12-14,601899,13:05:01,2,3.66,211,77240
2015-12-14,601899,13:04:56,1,3.65,152,55480
2015-12-14,601899,13:04:51,2,3.66,27,9896
2015-12-14,601899,13:04:46,1,3.65,40,14950
2015-12-14,601899,13:04:41,1,3.65,189,69320
2015-12-14,601899,13:04:36,2,3.66,124,45735
2015-12-14,601899,13:04:31,1,3.65,33,12088
2015-12-14,601899,13:04:26,2,3.66,292,106872
2015-12-14,601899,13:04:21,1,3.65,40,14950
2015-12-14,601899,13:04:16,1,3.65,100,36850
2015-12-14,601899,13:04:11,2,3.66,1047,383216
2015-12-14,601899,13:04:06,2,3.66,165,60726
2015-12-14,601899,13:04:01,2,3.66,67,24536
2015-12-14,601899,13:03:56,2,3.66,364,133224
2015-12-14,601899,13:03:51,1,3.65,346,126319
2015-12-14,601899,13:03:46,2,3.66,371,135800
2015-12-14,601899,13:03:41,2,3.66,46,17158
2015-12-14,601899,13:03:36,2,3.66,56,20496
2015-12-14,601899,13:03:31,2,3.66,175,64064
2015-12-14,601899,13:03:26,2,3.66,111,40640
2015-12-14,601899,13:03:21,2,3.66,238,87430
2015-12-14,601899,13:03:16,2,3.66,82,30041
2015-12-14,601899,13:03:11,2,3.66,1317,482358
2015-12-14,601899,13:03:06,1,3.65,97,35448
2015-12-14,601899,13:03:01,1,3.65,276,100740
2015-12-14,601899,13:02:56,2,3.66,376,137616
2015-12-14,601899,13:02:51,1,3.65,197,72240
2015-12-14,601899,13:02:46,2,3.66,156,57096
2015-12-14,601899,13:02:41,2,3.66,134,49073
2015-12-14,601899,13:02:36,2,3.66,1056,386847
2015-12-14,601899,13:02:31,2,3.66,80,29280
2015-12-14,601899,13:02:26,2,3.66,284,103944
2015-12-14,601899,13:02:21,1,3.66,229,84150
2015-12-14,601899,13:02:16,1,3.66,150,55222
2015-12-14,601899,13:02:11,1,3.66,556,203496
2015-12-14,601899,13:02:06,1,3.66,503,184112
2015-12-14,601899,13:02:01,2,3.67,964,354140
2015-12-14,601899,13:01:56,2,3.67,99,36347
2015-12-14,601899,13:01:51,1,3.66,196,72087
2015-12-14,601899,13:01:46,2,3.67,448,164416
2015-12-14,601899,13:01:41,2,3.67,1354,496947
2015-12-14,601899,13:01:36,1,3.66,320,117471
2015-12-14,601899,13:01:31,1,3.66,752,275232
2015-12-14,601899,13:01:26,2,3.67,336,123312
2015-12-14,601899,13:01:21,2,3.67,406,149031
2015-12-14,601899,13:01:16,2,3.67,172,63476
2015-12-14,601899,13:01:11,2,3.67,401,147504
2015-12-14,601899,13:01:06,2,3.67,326,119671
2015-12-14,601899,13:01:01,1,3.66,453,166134
2015-12-14,601899,13:00:56,1,3.66,54,19793
2015-12-14,601899,13:00:51,2,3.67,183,67175
2015-12-14,601899,13:00:46,1,3.66,1249,457177
2015-12-14,601899,13:00:41,2,3.67,156,57252
2015-12-14,601899,13:00:36,2,3.66,171,62776
2015-12-14,601899,13:00:31,2,3.66,121,44622
2015-12-14,601899,13:00:26,1,3.66,3276,1199016
2015-12-14,601899,13:00:21,2,3.66,2924,1070184
2015-12-14,601899,13:00:16,2,3.66,3656,1338447
2015-12-14,601899,13:00:11,1,3.66,3674,1344713
2015-12-14,601899,13:00:06,2,3.67,11529,4231480
2015-12-14,601899,13:00:01,1,3.66,292,106872
2015-12-14,601899,11:30:05,1,3.66,6,2225
2015-12-14,601899,11:30:00,1,3.66,148,54519
2015-12-14,601899,11:29:55,1,3.66,847,310016
2015-12-14,601899,11:29:50,1,3.66,305,111966
2015-12-14,601899,11:29:45,1,3.66,615,225104
2015-12-14,601899,11:29:40,2,3.67,303,111215
2015-12-14,601899,11:29:35,2,3.67,200,73752
2015-12-14,601899,11:29:30,1,3.66,152,55632
2015-12-14,601899,11:29:25,1,3.66,252,92583
2015-12-14,601899,11:29:20,2,3.67,681,249971
2015-12-14,601899,11:29:15,2,3.67,834,306400
2015-12-14,601899,11:29:10,1,3.66,97,35545
2015-12-14,601899,11:29:05,2,3.67,292,107164
2015-12-14,601899,11:29:00,2,3.67,216,79624
2015-12-14,601899,11:28:54,2,3.67,252,92484
2015-12-14,601899,11:28:49,1,3.66,264,96624
2015-12-14,601899,11:28:44,2,3.67,349,128420
2015-12-14,601899,11:28:39,2,3.67,2788,1023196
2015-12-14,601899,11:28:34,2,3.67,209,76747
2015-12-14,601899,11:28:29,1,3.66,752,275583
2015-12-14,601899,11:28:24,2,3.67,835,306459
2015-12-14,601899,11:28:14,2,3.67,266,97944
2015-12-14,601899,11:28:09,1,3.66,264,96624
2015-12-14,601899,11:28:04,2,3.67,297,109043
2015-12-14,601899,11:27:59,1,3.66,85,31446
2015-12-14,601899,11:27:54,2,3.67,407,149383
2015-12-14,601899,11:27:49,2,3.67,373,137052
2015-12-14,601899,11:27:44,2,3.67,182,66823
2015-12-14,601899,11:27:39,2,3.67,4296,1576984
2015-12-14,601899,11:27:34,1,3.66,161,59262
2015-12-14,601899,11:27:29,2,3.67,187,68643
2015-12-14,601899,11:27:24,2,3.67,234,85907
2015-12-14,601899,11:27:19,2,3.67,292,107516
2015-12-14,601899,11:27:14,1,3.66,37,13878
2015-12-14,601899,11:27:09,2,3.67,35,12859
2015-12-14,601899,11:27:04,1,3.66,351,128480
2015-12-14,601899,11:26:59,2,3.67,604,222020
2015-12-14,601899,11:26:54,2,3.67,187,68643
2015-12-14,601899,11:26:49,1,3.66,201,73727
2015-12-14,601899,11:26:44,1,3.66,702,256961
2015-12-14,601899,11:26:39,1,3.66,217,79758
2015-12-14,601899,11:26:34,1,3.66,259,94808
2015-12-14,601899,11:26:29,1,3.66,234,85673
2015-12-14,601899,11:26:24,1,3.66,161,59262
2015-12-14,601899,11:26:19,1,3.66,188,69159
2015-12-14,601899,11:26:14,1,3.66,154,56393
2015-12-14,601899,11:26:09,1,3.66,184,67695
2015-12-14,601899,11:26:04,1,3.66,82,30041
2015-12-14,601899,11:25:59,1,3.66,584,214095
2015-12-14,601899,11:25:54,1,3.66,219,80168
2015-12-14,601899,11:25:49,1,3.66,1001,366702
2015-12-14,601899,11:25:44,1,3.66,590,215969
2015-12-14,601899,11:25:39,1,3.66,1534,561766
2015-12-14,601899,11:25:34,1,3.66,404,147864
2015-12-14,601899,11:25:29,2,3.67,40,14680
2015-12-14,601899,11:25:24,2,3.67,327,120023
2015-12-14,601899,11:25:19,1,3.66,416,152607
2015-12-14,601899,11:25:14,2,3.67,470,172519
2015-12-14,601899,11:25:09,1,3.66,300,109800
2015-12-14,601899,11:25:04,1,3.66,272,99552
2015-12-14,601899,11:24:59,2,3.67,840,308632
2015-12-14,601899,11:24:54,2,3.67,294,107927
2015-12-14,601899,11:24:49,1,3.66,528,193599
2015-12-14,601899,11:24:44,2,3.67,192,70816
2015-12-14,601899,11:24:39,2,3.67,218,80035
2015-12-14,601899,11:24:34,2,3.67,385,141632
2015-12-14,601899,11:24:29,2,3.67,236,86612
2015-12-14,601899,11:24:24,1,3.67,191,70229
2015-12-14,601899,11:24:19,2,3.68,1721,633666
2015-12-14,601899,11:24:14,1,3.67,874,320787
2015-12-14,601899,11:24:09,1,3.67,700,256900
2015-12-14,601899,11:24:04,2,3.68,1332,490176
2015-12-14,601899,11:23:59,2,3.68,744,273792
2015-12-14,601899,11:23:54,1,3.67,824,302408
2015-12-14,601899,11:23:49,1,3.67,639,234527
2015-12-14,601899,11:23:44,2,3.68,622,229219
2015-12-14,601899,11:23:39,1,3.67,819,300822
2015-12-14,601899,11:23:34,1,3.67,1442,529243
2015-12-14,601899,11:23:29,1,3.67,928,340928
2015-12-14,601899,11:23:24,2,3.68,1138,418813
2015-12-14,601899,11:23:19,1,3.67,514,188960
2015-12-14,601899,11:23:14,1,3.67,845,310159
2015-12-14,601899,11:23:09,2,3.67,1116,409572
2015-12-14,601899,11:23:04,2,3.67,906,332824
2015-12-14,601899,11:22:59,2,3.67,10071,3696071
2015-12-14,601899,11:22:54,2,3.67,184,67880
2015-12-14,601899,11:22:49,2,3.67,10222,3751503
2015-12-14,601899,11:22:44,1,3.67,1166,427951
2015-12-14,601899,11:22:39,1,3.67,1702,624663
2015-12-14,601899,11:22:33,1,3.67,1032,378744
2015-12-14,601899,11:22:28,1,3.67,1096,402584
2015-12-14,601899,11:22:23,2,3.68,851,313182
2015-12-14,601899,11:22:18,1,3.67,2621,962244
2015-12-14,601899,11:22:13,1,3.67,1804,662068
2015-12-14,601899,11:22:08,1,3.67,1345,493659
2015-12-14,601899,11:22:03,1,3.67,1412,518556
2015-12-14,601899,11:21:58,1,3.67,1143,419495
2015-12-14,601899,11:21:53,1,3.67,1028,377628
2015-12-14,601899,11:21:48,1,3.67,1000,367352
2015-12-14,601899,11:21:43,1,3.67,564,207340
2015-12-14,601899,11:21:38,1,3.67,554,203347
2015-12-14,601899,11:21:33,2,3.68,613,225922
2015-12-14,601899,11:21:28,2,3.68,633,232988
2015-12-14,601899,11:21:23,1,3.67,509,187140
2015-12-14,601899,11:21:18,2,3.68,1491,548702
2015-12-14,601899,11:21:13,2,3.68,377,139074
2015-12-14,601899,11:21:08,1,3.67,354,129947
2015-12-14,601899,11:21:03,1,3.67,819,300587
2015-12-14,601899,11:20:58,1,3.67,486,178684
2015-12-14,601899,11:20:53,2,3.68,199,73246
2015-12-14,601899,11:20:48,2,3.68,1779,654686
2015-12-14,601899,11:20:43,2,3.68,404,149025
2015-12-14,601899,11:20:38,1,3.67,238,87375
2015-12-14,601899,11:20:33,1,3.67,266,97944
2015-12-14,601899,11:20:28,1,3.67,303,111215
2015-12-14,601899,11:20:23,2,3.67,1556,571345
2015-12-14,601899,11:20:18,1,3.66,588,215208
2015-12-14,601899,11:20:13,2,3.67,11050,4055379
2015-12-14,601899,11:20:08,2,3.67,451,165531
2015-12-14,601899,11:20:03,2,3.67,790,290252
2015-12-14,601899,11:19:58,1,3.66,123,45032
2015-12-14,601899,11:19:53,2,3.67,1484,544628
2015-12-14,601899,11:19:48,2,3.67,1692,621316
2015-12-14,601899,11:19:38,2,3.67,74,27187
2015-12-14,601899,11:19:33,1,3.66,449,164670
2015-12-14,601899,11:19:28,1,3.66,729,266857
2015-12-14,601899,11:19:18,1,3.66,660,241560
2015-12-14,601899,11:19:13,1,3.66,768,281088
2015-12-14,601899,11:19:08,2,3.67,317,116676
2015-12-14,601899,11:19:03,1,3.66,1179,431528
2015-12-14,601899,11:18:58,1,3.66,212,77943
2015-12-14,601899,11:18:53,1,3.66,371,135800
2015-12-14,601899,11:18:48,2,3.66,523,191432
2015-12-14,601899,11:18:43,2,3.66,2275,832664
2015-12-14,601899,11:18:38,1,3.65,2880,1051550
2015-12-14,601899,11:18:33,2,3.66,1513,553801
2015-12-14,601899,11:18:28,1,3.65,1429,521920
2015-12-14,601899,11:18:23,2,3.66,1988,727608
2015-12-14,601899,11:18:18,2,3.66,1604,587064
2015-12-14,601899,11:18:13,1,3.65,362,132159
2015-12-14,601899,11:18:08,1,3.65,820,299300
2015-12-14,601899,11:18:03,2,3.66,837,306678
2015-12-14,601899,11:17:58,2,3.66,1238,453137
2015-12-14,601899,11:17:53,2,3.66,5972,2185752
2015-12-14,601899,11:17:48,2,3.66,1836,672327
2015-12-14,601899,11:17:43,2,3.66,564,206775
2015-12-14,601899,11:17:38,2,3.66,1464,535824
2015-12-14,601899,11:17:33,2,3.66,226,82745
2015-12-14,601899,11:17:28,1,3.65,889,324820
2015-12-14,601899,11:17:23,2,3.66,1260,461160
2015-12-14,601899,11:17:18,1,3.65,247,90169
2015-12-14,601899,11:17:13,1,3.65,995,363189
2015-12-14,601899,11:17:08,2,3.66,2229,816150
2015-12-14,601899,11:17:03,2,3.66,143,52352
2015-12-14,601899,11:16:58,1,3.65,2591,945729
2015-12-14,601899,11:16:53,2,3.66,158,58150
2015-12-14,601899,11:16:48,1,3.65,228,83220
2015-12-14,601899,11:16:43,2,3.65,6510,2376179
2015-12-14,601899,11:16:38,2,3.65,553,202180
2015-12-14,601899,11:16:33,2,3.65,4931,1799829
2015-12-14,601899,11:16:28,2,3.65,1304,476310
2015-12-14,601899,11:16:23,2,3.65,1042,380359
2015-12-14,601899,11:16:18,2,3.65,135,49289
2015-12-14,601899,11:16:13,2,3.65,210,76971
2015-12-14,601899,11:16:08,2,3.65,696,254040
2015-12-14,601899,11:16:03,1,3.64,2122,772437
2015-12-14,601899,11:15:58,2,3.65,211,77029
2015-12-14,601899,11:15:53,2,3.65,872,318630
2015-12-14,601899,11:15:48,2,3.65,397,145240
2015-12-14,601899,11:15:43,2,3.65,557,203348
2015-12-14,601899,11:15:38,1,3.64,252,92077
2015-12-14,601899,11:15:33,1,3.64,160,58589
2015-12-14,601899,11:15:28,2,3.65,351,128129
2015-12-14,601899,11:15:23,2,3.65,127,46369
2015-12-14,601899,11:15:18,2,3.65,666,243411
2015-12-14,601899,11:15:13,1,3.64,289,105239
2015-12-14,601899,11:15:08,1,3.64,253,92426
2015-12-14,601899,11:15:03,2,3.65,110,40179
2015-12-14,601899,11:14:58,2,3.65,33,12380
2015-12-14,601899,11:14:53,1,3.64,140,51309
2015-12-14,601899,11:14:48,2,3.65,169,61728
2015-12-14,601899,11:14:43,2,3.65,181,66400
2015-12-14,601899,11:14:38,1,3.64,62,22597
2015-12-14,601899,11:14:33,1,3.64,153,56026
2015-12-14,601899,11:14:28,2,3.65,312,113880
2015-12-14,601899,11:14:23,1,3.64,76,28013
2015-12-14,601899,11:14:18,2,3.65,387,141269
2015-12-14,601899,11:14:13,1,3.64,315,114674
2015-12-14,601899,11:14:08,1,3.64,172,62608
2015-12-14,601899,11:14:03,2,3.65,80,29200
2015-12-14,601899,11:13:58,2,3.65,528,192720
2015-12-14,601899,11:13:53,2,3.65,227,82869
2015-12-14,601899,11:13:48,2,3.65,2813,1027080
2015-12-14,601899,11:13:43,1,3.64,1935,704354
2015-12-14,601899,11:13:38,2,3.65,212,77380
2015-12-14,601899,11:13:33,2,3.65,396,144540
2015-12-14,601899,11:13:28,2,3.65,1709,624120
2015-12-14,601899,11:13:23,1,3.64,26,9493
2015-12-14,601899,11:13:18,2,3.65,3016,1101190
2015-12-14,601899,11:13:13,2,3.65,370,135079
2015-12-14,601899,11:13:08,2,3.65,341,124800
2015-12-14,601899,11:13:03,2,3.65,238,86899
2015-12-14,601899,11:12:58,1,3.64,422,153928
2015-12-14,601899,11:12:53,1,3.64,416,151424
2015-12-14,601899,11:12:48,1,3.64,271,98658
2015-12-14,601899,11:12:43,2,3.65,87,31769
2015-12-14,601899,11:12:38,2,3.65,184,67160
2015-12-14,601899,11:12:33,2,3.65,340,124100
2015-12-14,601899,11:12:28,2,3.65,56,20790
2015-12-14,601899,11:12:23,2,3.65,5196,1896890
2015-12-14,601899,11:12:18,2,3.65,187,68269
2015-12-14,601899,11:12:13,1,3.64,659,239890
2015-12-14,601899,11:12:08,1,3.64,884,321776
2015-12-14,601899,11:12:03,1,3.64,1340,488109
2015-12-14,601899,11:11:58,2,3.65,1184,432510
2015-12-14,601899,11:11:53,1,3.64,1405,511463
2015-12-14,601899,11:11:48,1,3.64,642,234008
2015-12-14,601899,11:11:43,1,3.64,136,49504
2015-12-14,601899,11:11:38,2,3.65,33,12088
2015-12-14,601899,11:11:33,2,3.65,97,35740
2015-12-14,601899,11:11:28,1,3.64,440,160160
2015-12-14,601899,11:11:23,1,3.64,859,312690
2015-12-14,601899,11:11:18,2,3.65,3111,1135529
2015-12-14,601899,11:11:13,2,3.65,184,67160
2015-12-14,601899,11:11:08,2,3.65,61,22600
2015-12-14,601899,11:11:03,1,3.64,262,95397
2015-12-14,601899,11:10:58,1,3.64,72,26557
2015-12-14,601899,11:10:53,2,3.65,389,142320
2015-12-14,601899,11:10:48,1,3.64,253,92135
2015-12-14,601899,11:10:38,2,3.64,4242,1544291
2015-12-14,601899,11:10:33,2,3.64,480,175069
2015-12-14,601899,11:10:23,2,3.64,127,46242
2015-12-14,601899,11:10:18,2,3.64,624,227485
2015-12-14,601899,11:10:13,2,3.64,117,42631
2015-12-14,601899,11:10:08,2,3.64,837,305002
2015-12-14,601899,11:10:03,2,3.64,36,13453
2015-12-14,601899,11:09:58,1,3.63,217,78814
2015-12-14,601899,11:09:53,2,3.64,434,158296
2015-12-14,601899,11:09:48,2,3.64,2757,1003591
2015-12-14,601899,11:09:43,1,3.63,37,13764
2015-12-14,601899,11:09:38,2,3.64,56,20384
2015-12-14,601899,11:09:33,2,3.64,56,20384
2015-12-14,601899,11:09:27,1,3.63,260,94380
2015-12-14,601899,11:09:22,2,3.64,94,34245
2015-12-14,601899,11:09:17,1,3.63,185,67488
2015-12-14,601899,11:09:12,1,3.63,384,139740
2015-12-14,601899,11:09:07,2,3.64,170,61909
2015-12-14,601899,11:09:02,1,3.63,84,30840
2015-12-14,601899,11:08:57,2,3.64,474,172565
2015-12-14,601899,11:08:52,1,3.63,2341,850116
2015-12-14,601899,11:08:47,1,3.63,232,84216
2015-12-14,601899,11:08:42,2,3.64,642,233717
2015-12-14,601899,11:08:37,2,3.64,340,123760
2015-12-14,601899,11:08:32,1,3.63,1486,539737
2015-12-14,601899,11:08:27,2,3.64,60,21840
2015-12-14,601899,11:08:22,2,3.64,53,19335
2015-12-14,601899,11:08:17,1,3.63,100,36300
2015-12-14,601899,11:08:12,1,3.63,140,50820
2015-12-14,601899,11:08:07,2,3.63,163,59357
2015-12-14,601899,11:08:02,2,3.63,338,123013
2015-12-14,601899,11:07:57,2,3.63,404,146652
2015-12-14,601899,11:07:52,1,3.62,745,269733
2015-12-14,601899,11:07:47,2,3.63,360,130680
2015-12-14,601899,11:07:42,2,3.63,52,18876
2015-12-14,601899,11:07:37,2,3.63,184,67140
2015-12-14,601899,11:07:32,2,3.63,968,351384
2015-12-14,601899,11:07:27,2,3.63,236,86016
2015-12-14,601899,11:07:22,2,3.63,144,52272
2015-12-14,601899,11:07:17,2,3.63,86,31247
2015-12-14,601899,11:07:12,1,3.63,3738,1357039
2015-12-14,601899,11:07:07,1,3.63,450,163379
2015-12-14,601899,11:07:02,2,3.64,688,250432
2015-12-14,601899,11:06:57,2,3.64,258,94232
2015-12-14,601899,11:06:52,1,3.63,394,143051
2015-12-14,601899,11:06:47,1,3.63,148,54072
2015-12-14,601899,11:06:42,2,3.64,432,157597
2015-12-14,601899,11:06:37,1,3.63,1926,699167
2015-12-14,601899,11:06:32,1,3.63,172,62784
2015-12-14,601899,11:06:27,2,3.64,74,27139
2015-12-14,601899,11:06:22,2,3.64,489,178330
2015-12-14,601899,11:06:17,2,3.64,586,213333
2015-12-14,601899,11:06:12,1,3.63,41,15216
2015-12-14,601899,11:06:07,2,3.64,272,99008
2015-12-14,601899,11:06:02,2,3.64,47,17122
2015-12-14,601899,11:05:57,1,3.63,928,337212
2015-12-14,601899,11:05:52,2,3.64,272,99008
2015-12-14,601899,11:05:47,1,3.63,112,40656
2015-12-14,601899,11:05:42,1,3.63,911,330707
2015-12-14,601899,11:05:37,1,3.63,387,140495
2015-12-14,601899,11:05:32,2,3.64,356,129584
2015-12-14,601899,11:05:27,2,3.64,128,46941
2015-12-14,601899,11:05:22,1,3.63,84,30840
2015-12-14,601899,11:05:17,2,3.64,245,89223
2015-12-14,601899,11:05:12,1,3.63,36,13416
2015-12-14,601899,11:05:07,1,3.63,65,23928
2015-12-14,601899,11:05:02,1,3.63,170,61739
2015-12-14,601899,11:04:57,2,3.64,32,11648
2015-12-14,601899,11:04:52,2,3.64,92,33488
2015-12-14,601899,11:04:47,2,3.64,25,9434
2015-12-14,601899,11:04:42,0,3.64,318,115781
2015-12-14,601899,11:04:37,2,3.65,5452,1990330
2015-12-14,601899,11:04:32,1,3.64,131,47698
2015-12-14,601899,11:04:27,1,3.64,352,128477
2015-12-14,601899,11:04:22,2,3.65,2382,869459
2015-12-14,601899,11:04:17,2,3.65,256,93440
2015-12-14,601899,11:04:12,1,3.64,410,149560
2015-12-14,601899,11:04:07,1,3.64,203,73906
2015-12-14,601899,11:04:02,1,3.64,3472,1263808
2015-12-14,601899,11:03:57,2,3.65,358,130699
2015-12-14,601899,11:03:52,2,3.65,36,13140
2015-12-14,601899,11:03:47,2,3.65,108,39420
2015-12-14,601899,11:03:42,2,3.65,1184,432160
2015-12-14,601899,11:03:37,1,3.64,225,82234
2015-12-14,601899,11:03:32,1,3.64,110,40069
2015-12-14,601899,11:03:27,1,3.64,88,32032
2015-12-14,601899,11:03:22,2,3.65,337,123340
2015-12-14,601899,11:03:17,1,3.64,124,45485
2015-12-14,601899,11:03:12,2,3.65,82,29959
2015-12-14,601899,11:03:07,2,3.65,105,38660
2015-12-14,601899,11:03:02,2,3.65,307,112069
2015-12-14,601899,11:02:57,1,3.64,79,28770
2015-12-14,601899,11:02:52,2,3.65,395,144189
2015-12-14,601899,11:02:47,1,3.64,249,90970
2015-12-14,601899,11:02:42,2,3.65,126,46019
2015-12-14,601899,11:02:37,1,3.64,153,56026
2015-12-14,601899,11:02:32,1,3.64,218,79381
2015-12-14,601899,11:02:27,2,3.65,86,31711
2015-12-14,601899,11:02:22,1,3.64,161,58647
2015-12-14,601899,11:02:17,1,3.64,1217,443322
2015-12-14,601899,11:02:12,1,3.64,170,61909
2015-12-14,601899,11:02:07,1,3.64,120,44029
2015-12-14,601899,11:02:02,2,3.65,185,67860
2015-12-14,601899,11:01:57,2,3.65,276,100740
2015-12-14,601899,11:01:52,1,3.64,1158,421541
2015-12-14,601899,11:01:42,1,3.64,112,40768
2015-12-14,601899,11:01:37,2,3.65,1599,583649
2015-12-14,601899,11:01:27,2,3.65,24,8760
2015-12-14,601899,11:01:22,1,3.64,496,180544
2015-12-14,601899,11:01:12,2,3.65,552,201480
2015-12-14,601899,11:01:07,1,3.64,292,106288
2015-12-14,601899,11:00:57,2,3.65,1556,567940
2015-12-14,601899,11:00:52,2,3.65,654,239031
2015-12-14,601899,11:00:47,1,3.64,509,185319
2015-12-14,601899,11:00:42,2,3.65,352,128830
2015-12-14,601899,11:00:32,1,3.64,347,126322
2015-12-14,601899,11:00:27,1,3.64,24,8736
2015-12-14,601899,11:00:22,1,3.64,112,40768
2015-12-14,601899,11:00:17,2,3.65,232,84680
2015-12-14,601899,11:00:12,2,3.65,197,72240
2015-12-14,601899,11:00:07,1,3.64,128,46592
2015-12-14,601899,11:00:02,2,3.65,299,109149
2015-12-14,601899,10:59:57,1,3.64,213,77866
2015-12-14,601899,10:59:52,2,3.65,575,209889
2015-12-14,601899,10:59:47,1,3.64,96,34944
2015-12-14,601899,10:59:42,1,3.64,2207,803362
2015-12-14,601899,10:59:37,2,3.65,372,135780
2015-12-14,601899,10:59:32,2,3.65,673,245980
2015-12-14,601899,10:59:27,2,3.65,24,8760
2015-12-14,601899,10:59:22,2,3.65,202,73759
2015-12-14,601899,10:59:17,1,3.64,179,65170
2015-12-14,601899,10:59:12,2,3.65,2524,921260
2015-12-14,601899,10:59:07,1,3.64,346,126264
2015-12-14,601899,10:59:02,1,3.64,613,223175
2015-12-14,601899,10:58:57,2,3.65,237,86840
2015-12-14,601899,10:58:52,2,3.65,452,164980
2015-12-14,601899,10:58:47,2,3.65,636,232490
2015-12-14,601899,10:58:42,2,3.65,447,163169
2015-12-14,601899,10:58:37,2,3.65,83,30309
2015-12-14,601899,10:58:32,2,3.65,101,37200
2015-12-14,601899,10:58:27,2,3.65,205,74868
2015-12-14,601899,10:58:22,2,3.65,848,309870
2015-12-14,601899,10:58:17,1,3.65,527,192369
2015-12-14,601899,10:58:12,2,3.65,2168,791320
2015-12-14,601899,10:58:07,1,3.64,116,42573
2015-12-14,601899,10:58:02,1,3.64,159,57890
2015-12-14,601899,10:57:57,2,3.65,225,82460
2015-12-14,601899,10:57:52,2,3.65,200,73000
2015-12-14,601899,10:57:47,1,3.65,2192,800080
2015-12-14,601899,10:57:42,2,3.66,1690,618569
2015-12-14,601899,10:57:37,2,3.65,8124,2965610
2015-12-14,601899,10:57:32,1,3.65,1001,365700
2015-12-14,601899,10:57:27,2,3.66,297,108745
2015-12-14,601899,10:57:22,1,3.65,148,54020
2015-12-14,601899,10:57:17,2,3.65,280,102550
2015-12-14,601899,10:57:12,1,3.65,1021,373000
2015-12-14,601899,10:57:07,2,3.66,783,286592
2015-12-14,601899,10:57:02,2,3.65,726,265019
2015-12-14,601899,10:56:57,2,3.65,944,344910
2015-12-14,601899,10:56:52,2,3.65,237,86840
2015-12-14,601899,10:56:47,2,3.65,197,71948
2015-12-14,601899,10:56:42,2,3.65,74,27331
2015-12-14,601899,10:56:37,1,3.65,496,181040
2015-12-14,601899,10:56:32,1,3.65,1489,543528
2015-12-14,601899,10:56:27,1,3.65,261,95600
2015-12-14,601899,10:56:22,2,3.66,100,36951
2015-12-14,601899,10:56:17,2,3.66,477,174625
2015-12-14,601899,10:56:12,2,3.66,58,21550
2015-12-14,601899,10:56:07,1,3.65,1490,543879
2015-12-14,601899,10:56:01,2,3.65,1179,430349
2015-12-14,601899,10:55:56,2,3.65,406,148511
2015-12-14,601899,10:55:51,2,3.65,250,91279
2015-12-14,601899,10:55:46,1,3.64,692,251888
2015-12-14,601899,10:55:41,1,3.65,501,183200
2015-12-14,601899,10:55:36,2,3.66,128,46848
2015-12-14,601899,10:55:31,2,3.66,1744,638304
2015-12-14,601899,10:55:26,2,3.65,140,51100
2015-12-14,601899,10:55:21,1,3.65,5322,1942559
2015-12-14,601899,10:55:16,2,3.66,331,121160
2015-12-14,601899,10:55:11,1,3.65,412,150730
2015-12-14,601899,10:55:06,2,3.66,837,306678
2015-12-14,601899,10:55:01,1,3.65,350,127779
2015-12-14,601899,10:54:56,2,3.66,268,98439
2015-12-14,601899,10:54:51,2,3.66,616,225456
2015-12-14,601899,10:54:46,2,3.66,1154,422393
2015-12-14,601899,10:54:41,2,3.66,2426,888238
2015-12-14,601899,10:54:36,2,3.66,137,50185
2015-12-14,601899,10:54:31,2,3.66,364,133224
2015-12-14,601899,10:54:26,1,3.65,329,120420
2015-12-14,601899,10:54:21,2,3.66,120,43920
2015-12-14,601899,10:54:16,2,3.66,220,80871
2015-12-14,601899,10:54:11,1,3.65,614,224139
2015-12-14,601899,10:54:06,1,3.65,889,324820
2015-12-14,601899,10:54:01,2,3.66,452,165432
2015-12-14,601899,10:53:56,2,3.66,199,72848
2015-12-14,601899,10:53:51,1,3.65,952,347480
2015-12-14,601899,10:53:46,1,3.65,516,188340
2015-12-14,601899,10:53:41,1,3.65,144,52735
2015-12-14,601899,10:53:36,1,3.65,2179,795349
2015-12-14,601899,10:53:31,2,3.66,368,134688
2015-12-14,601899,10:53:26,1,3.65,344,125910
2015-12-14,601899,10:53:21,2,3.66,554,202793
2015-12-14,601899,10:53:11,2,3.66,1650,604046
2015-12-14,601899,10:53:01,2,3.66,196,71736
2015-12-14,601899,10:52:56,2,3.66,1043,381752
2015-12-14,601899,10:52:51,2,3.66,1244,455304
2015-12-14,601899,10:52:41,2,3.66,612,224343
2015-12-14,601899,10:52:31,2,3.66,691,252920
2015-12-14,601899,10:52:26,2,3.66,336,123327
2015-12-14,601899,10:52:21,2,3.66,647,236816
2015-12-14,601899,10:52:16,2,3.66,267,97736
2015-12-14,601899,10:52:11,1,3.65,132,48530
2015-12-14,601899,10:52:06,2,3.65,184,67160
2015-12-14,601899,10:52:01,2,3.65,698,254799
2015-12-14,601899,10:51:56,1,3.65,664,242710
2015-12-14,601899,10:51:51,2,3.66,220,80871
2015-12-14,601899,10:51:46,1,3.65,144,52910
2015-12-14,601899,10:51:41,1,3.65,100,36500
2015-12-14,601899,10:51:36,2,3.66,233,85321
2015-12-14,601899,10:51:31,2,3.66,441,161742
2015-12-14,601899,10:51:26,2,3.66,1091,399320
2015-12-14,601899,10:51:21,1,3.65,824,301110
2015-12-14,601899,10:51:16,1,3.65,303,110609
2015-12-14,601899,10:51:11,1,3.65,1108,404420
2015-12-14,601899,10:51:06,2,3.66,624,228735
2015-12-14,601899,10:51:01,1,3.65,322,117559
2015-12-14,601899,10:50:56,1,3.65,641,234300
2015-12-14,601899,10:50:51,2,3.66,136,49776
2015-12-14,601899,10:50:46,1,3.65,380,138700
2015-12-14,601899,10:50:41,1,3.65,9012,3289730
2015-12-14,601899,10:50:36,2,3.66,2039,746288
2015-12-14,601899,10:50:31,1,3.65,494,180456
2015-12-14,601899,10:50:26,1,3.65,516,188340
2015-12-14,601899,10:50:21,2,3.66,216,79407
2015-12-14,601899,10:50:16,2,3.66,366,133985
2015-12-14,601899,10:50:11,2,3.66,748,274119
2015-12-14,601899,10:50:06,1,3.65,268,98112
2015-12-14,601899,10:50:01,1,3.65,1183,431809
2015-12-14,601899,10:49:56,1,3.65,287,104769
2015-12-14,601899,10:49:51,2,3.66,750,274763
2015-12-14,601899,10:49:46,1,3.65,268,98170
2015-12-14,601899,10:49:41,2,3.66,151,55280
2015-12-14,601899,10:49:36,1,3.65,260,95250
2015-12-14,601899,10:49:31,2,3.66,247,90416
2015-12-14,601899,10:49:26,2,3.66,96,35487
2015-12-14,601899,10:49:21,2,3.66,670,245249
2015-12-14,601899,10:49:16,1,3.65,335,122289
2015-12-14,601899,10:49:11,1,3.65,268,98170
2015-12-14,601899,10:49:06,1,3.65,1248,455870
2015-12-14,601899,10:49:01,2,3.66,1547,566216
2015-12-14,601899,10:48:56,2,3.66,529,193950
2015-12-14,601899,10:48:51,2,3.66,122,44681
2015-12-14,601899,10:48:46,2,3.66,1128,412848
2015-12-14,601899,10:48:41,1,3.65,523,190909
2015-12-14,601899,10:48:36,2,3.66,272,99552
2015-12-14,601899,10:48:31,1,3.65,416,151840
2015-12-14,601899,10:48:26,2,3.66,493,180774
2015-12-14,601899,10:48:21,2,3.66,80,29631
2015-12-14,601899,10:48:16,1,3.65,593,216488
2015-12-14,601899,10:48:11,1,3.65,540,197450
2015-12-14,601899,10:48:06,2,3.66,893,327174
2015-12-14,601899,10:48:01,1,3.65,2002,730759
2015-12-14,601899,10:47:56,1,3.65,1467,535469
2015-12-14,601899,10:47:51,2,3.66,2628,961848
2015-12-14,601899,10:47:46,2,3.66,561,205662
2015-12-14,601899,10:47:41,2,3.66,2084,762744
2015-12-14,601899,10:47:36,2,3.66,1783,652592
2015-12-14,601899,10:47:31,1,3.65,564,206210
2015-12-14,601899,10:47:26,2,3.66,632,231312
2015-12-14,601899,10:47:21,2,3.66,1254,458993
2015-12-14,601899,10:47:16,1,3.65,557,203640
2015-12-14,601899,10:47:11,2,3.66,888,325359
2015-12-14,601899,10:47:06,1,3.65,490,178879
2015-12-14,601899,10:47:01,2,3.66,624,228735
2015-12-14,601899,10:46:56,1,3.65,636,232490
2015-12-14,601899,10:46:51,1,3.65,1017,371248
2015-12-14,601899,10:46:46,1,3.65,337,123340
2015-12-14,601899,10:46:41,2,3.65,486,177477
2015-12-14,601899,10:46:36,2,3.65,301,110200
2015-12-14,601899,10:46:31,2,3.65,3188,1163620
2015-12-14,601899,10:46:26,2,3.65,362,132159
2015-12-14,601899,10:46:21,1,3.64,10200,3713149
2015-12-14,601899,10:46:16,2,3.65,256,93440
2015-12-14,601899,10:46:11,2,3.65,96,35040
2015-12-14,601899,10:46:06,2,3.65,188,68970
2015-12-14,601899,10:46:01,2,3.65,800,292350
2015-12-14,601899,10:45:56,2,3.65,214,78139
2015-12-14,601899,10:45:51,2,3.65,680,248550
2015-12-14,601899,10:45:46,2,3.65,888,324470
2015-12-14,601899,10:45:41,2,3.65,1259,459549
2015-12-14,601899,10:45:36,2,3.65,22,8059
2015-12-14,601899,10:45:31,2,3.65,1848,674870
2015-12-14,601899,10:45:26,1,3.64,141,51658
2015-12-14,601899,10:45:21,1,3.64,151,54978
2015-12-14,601899,10:45:16,1,3.64,200,73149
2015-12-14,601899,10:45:11,2,3.65,413,150788
2015-12-14,601899,10:45:06,2,3.64,492,179437
2015-12-14,601899,10:45:01,2,3.64,207,75362
2015-12-14,601899,10:44:56,1,3.63,144,52620
2015-12-14,601899,10:44:51,2,3.64,499,181650
2015-12-14,601899,10:44:46,2,3.64,765,278794
2015-12-14,601899,10:44:36,2,3.64,540,196909
2015-12-14,601899,10:44:31,2,3.64,646,235173
2015-12-14,601899,10:44:21,1,3.64,567,206577
2015-12-14,601899,10:44:11,2,3.65,423,154409
2015-12-14,601899,10:44:06,1,3.64,1086,395624
2015-12-14,601899,10:43:56,2,3.65,788,287620
2015-12-14,601899,10:43:51,2,3.64,729,265574
2015-12-14,601899,10:43:41,2,3.64,852,310128
2015-12-14,601899,10:43:31,1,3.64,1224,445710
2015-12-14,601899,10:43:26,1,3.64,183,66626
2015-12-14,601899,10:43:21,1,3.64,411,149909
2015-12-14,601899,10:43:16,2,3.64,646,235347
2015-12-14,601899,10:43:11,2,3.64,478,174021
2015-12-14,601899,10:43:06,2,3.64,2208,804061
2015-12-14,601899,10:43:01,2,3.64,487,177282
2015-12-14,601899,10:42:56,2,3.64,272,99357
2015-12-14,601899,10:42:51,1,3.63,464,168432
2015-12-14,601899,10:42:46,1,3.63,63,22883
2015-12-14,601899,10:42:41,2,3.64,1001,364698
2015-12-14,601899,10:42:35,1,3.63,524,190212
2015-12-14,601899,10:42:30,1,3.63,67,24335
2015-12-14,601899,10:42:25,1,3.63,148,53724
2015-12-14,601899,10:42:20,2,3.64,296,107744
2015-12-14,601899,10:42:15,2,3.64,260,94640
2015-12-14,601899,10:42:10,1,3.64,175,63714
2015-12-14,601899,10:42:05,2,3.64,548,199821
2015-12-14,601899,10:42:00,1,3.63,348,126672
2015-12-14,601899,10:41:55,1,3.63,158,57383
2015-12-14,601899,10:41:50,1,3.64,146,53464
2015-12-14,601899,10:41:45,1,3.64,221,80487
2015-12-14,601899,10:41:40,1,3.64,206,75304
2015-12-14,601899,10:41:35,2,3.64,465,169536
2015-12-14,601899,10:41:30,1,3.63,1240,450120
2015-12-14,601899,10:41:25,2,3.64,1880,684320
2015-12-14,601899,10:41:20,2,3.64,641,233658
2015-12-14,601899,10:41:15,2,3.64,90,32789
2015-12-14,601899,10:41:10,2,3.64,2500,910000
2015-12-14,601899,10:41:05,2,3.64,1112,405117
2015-12-14,601899,10:41:00,1,3.63,576,209088
2015-12-14,601899,10:40:55,1,3.63,202,73355
2015-12-14,601899,10:40:50,1,3.63,741,269316
2015-12-14,601899,10:40:45,2,3.64,149,54570
2015-12-14,601899,10:40:40,2,3.64,464,168896
2015-12-14,601899,10:40:35,1,3.63,173,62842
2015-12-14,601899,10:40:30,2,3.64,1569,571450
2015-12-14,601899,10:40:25,1,3.63,391,141947
2015-12-14,601899,10:40:20,2,3.64,382,139077
2015-12-14,601899,10:40:15,2,3.64,328,119392
2015-12-14,601899,10:40:10,2,3.64,940,342509
2015-12-14,601899,10:40:05,2,3.64,57,21082
2015-12-14,601899,10:40:00,1,3.63,240,87120
2015-12-14,601899,10:39:55,2,3.64,721,262487
2015-12-14,601899,10:39:50,1,3.63,405,147348
2015-12-14,601899,10:39:45,2,3.64,288,105181
2015-12-14,601899,10:39:40,2,3.63,167,60635
2015-12-14,601899,10:39:35,1,3.63,351,127427
2015-12-14,601899,10:39:30,1,3.62,470,170458
2015-12-14,601899,10:39:25,1,3.62,376,136112
2015-12-14,601899,10:39:20,2,3.63,312,113256
2015-12-14,601899,10:39:15,2,3.63,354,128531
2015-12-14,601899,10:39:10,2,3.63,594,215651
2015-12-14,601899,10:39:05,2,3.63,214,78001
2015-12-14,601899,10:39:00,2,3.63,559,202931
2015-12-14,601899,10:38:55,2,3.63,322,116915
2015-12-14,601899,10:38:50,1,3.63,123,44953
2015-12-14,601899,10:38:45,2,3.64,653,237735
2015-12-14,601899,10:38:40,0,3.63,677,246084
2015-12-14,601899,10:38:35,1,3.63,640,232320
2015-12-14,601899,10:38:30,2,3.63,2467,895535
2015-12-14,601899,10:38:25,1,3.62,241,87575
2015-12-14,601899,10:38:20,1,3.62,2926,1059240
2015-12-14,601899,10:38:15,2,3.63,4013,1457052
2015-12-14,601899,10:38:10,2,3.63,317,115114
2015-12-14,601899,10:38:05,1,3.62,933,338079
2015-12-14,601899,10:38:00,1,3.62,582,210712
2015-12-14,601899,10:37:55,1,3.62,717,259887
2015-12-14,601899,10:37:50,1,3.62,250,90528
2015-12-14,601899,10:37:45,2,3.63,673,244632
2015-12-14,601899,10:37:40,1,3.62,839,303732
2015-12-14,601899,10:37:35,1,3.62,728,263536
2015-12-14,601899,10:37:30,2,3.63,275,99839
2015-12-14,601899,10:37:25,2,3.63,333,121212
2015-12-14,601899,10:37:20,2,3.63,47,17075
2015-12-14,601899,10:37:15,2,3.63,223,80963
2015-12-14,601899,10:37:10,1,3.62,236,85779
2015-12-14,601899,10:37:05,1,3.62,455,164724
2015-12-14,601899,10:37:00,1,3.63,861,312876
2015-12-14,601899,10:36:55,1,3.63,935,339419
2015-12-14,601899,10:36:50,1,3.63,1337,485664
2015-12-14,601899,10:36:45,2,3.64,325,118343
2015-12-14,601899,10:36:40,1,3.63,1784,647940
2015-12-14,601899,10:36:35,2,3.64,409,149210
2015-12-14,601899,10:36:30,1,3.63,450,163379
2015-12-14,601899,10:36:25,1,3.63,432,157164
2015-12-14,601899,10:36:20,1,3.63,438,159023
2015-12-14,601899,10:36:15,1,3.63,760,276228
2015-12-14,601899,10:36:10,1,3.63,616,223956
2015-12-14,601899,10:36:05,1,3.63,1464,531432
2015-12-14,601899,10:36:00,2,3.64,891,324338
2015-12-14,601899,10:35:50,1,3.63,299,108551
2015-12-14,601899,10:35:45,1,3.63,508,184752
2015-12-14,601899,10:35:35,2,3.64,195,70994
2015-12-14,601899,10:35:30,1,3.64,1427,519733
2015-12-14,601899,10:35:20,2,3.65,968,353320
2015-12-14,601899,10:35:10,2,3.65,420,153300
2015-12-14,601899,10:35:05,1,3.64,1196,435344
2015-12-14,601899,10:35:00,1,3.64,180,65869
2015-12-14,601899,10:34:55,2,3.65,985,359860
2015-12-14,601899,10:34:50,2,3.65,491,179229
2015-12-14,601899,10:34:45,1,3.64,184,67325
2015-12-14,601899,10:34:40,2,3.65,86,31419
2015-12-14,601899,10:34:35,2,3.65,188,68970
2015-12-14,601899,10:34:30,2,3.65,1060,387250
2015-12-14,601899,10:34:25,2,3.65,182,66459
2015-12-14,601899,10:34:20,1,3.65,293,107105
2015-12-14,601899,10:34:15,1,3.65,749,273428
2015-12-14,601899,10:34:10,1,3.65,700,255850
2015-12-14,601899,10:34:05,1,3.65,912,333230
2015-12-14,601899,10:34:00,2,3.66,2516,921207
2015-12-14,601899,10:33:55,1,3.65,1633,596088
2015-12-14,601899,10:33:50,1,3.65,106,39011
2015-12-14,601899,10:33:45,2,3.66,513,187801
2015-12-14,601899,10:33:40,2,3.66,816,298656
2015-12-14,601899,10:33:35,1,3.65,289,105820
2015-12-14,601899,10:33:30,1,3.65,491,179229
2015-12-14,601899,10:33:25,2,3.66,692,253623
2015-12-14,601899,10:33:20,2,3.66,318,116417
2015-12-14,601899,10:33:15,1,3.65,148,54020
2015-12-14,601899,10:33:10,2,3.66,190,69862
2015-12-14,601899,10:33:05,2,3.66,210,76889
2015-12-14,601899,10:33:00,1,3.66,943,345152
2015-12-14,601899,10:32:55,1,3.66,570,208942
2015-12-14,601899,10:32:50,1,3.66,1087,397856
2015-12-14,601899,10:32:45,1,3.66,372,136152
2015-12-14,601899,10:32:40,1,3.66,820,300471
2015-12-14,601899,10:32:35,2,3.66,6782,2482241
2015-12-14,601899,10:32:30,2,3.66,2923,1069832
2015-12-14,601899,10:32:25,2,3.66,286,104998
2015-12-14,601899,10:32:20,2,3.66,309,113137
2015-12-14,601899,10:32:15,1,3.65,481,175900
2015-12-14,601899,10:32:10,1,3.65,259,94549
2015-12-14,601899,10:32:05,2,3.66,655,239744
2015-12-14,601899,10:32:00,2,3.66,389,142710
2015-12-14,601899,10:31:55,2,3.66,544,199104
2015-12-14,601899,10:31:50,2,3.66,660,241911
2015-12-14,601899,10:31:45,2,3.66,508,185928
2015-12-14,601899,10:31:40,2,3.66,856,313296
2015-12-14,601899,10:31:35,1,3.65,388,141620
2015-12-14,601899,10:31:30,2,3.66,188,68808
2015-12-14,601899,10:31:25,2,3.66,288,105408
2015-12-14,601899,10:31:20,1,3.65,621,226708
2015-12-14,601899,10:31:15,1,3.65,437,159840
2015-12-14,601899,10:31:10,2,3.66,218,79817
2015-12-14,601899,10:31:05,1,3.65,269,98520
2015-12-14,601899,10:31:00,2,3.65,1797,656065
2015-12-14,601899,10:30:55,2,3.65,1529,558128
2015-12-14,601899,10:30:50,2,3.65,378,138291
2015-12-14,601899,10:30:45,1,3.64,1918,698181
2015-12-14,601899,10:30:40,2,3.65,8209,2996328
2015-12-14,601899,10:30:35,2,3.65,575,209889
2015-12-14,601899,10:30:30,2,3.65,361,132100
2015-12-14,601899,10:30:25,2,3.65,882,321959
2015-12-14,601899,10:30:20,1,3.63,677,246084
2015-12-14,601899,10:30:15,1,3.64,254,92485
2015-12-14,601899,10:30:10,1,3.64,680,247869
2015-12-14,601899,10:30:05,1,3.64,1104,401856
2015-12-14,601899,10:30:00,2,3.65,164,60210
2015-12-14,601899,10:29:55,2,3.65,1316,480340
2015-12-14,601899,10:29:50,2,3.65,1284,468660
2015-12-14,601899,10:29:45,1,3.64,302,109957
2015-12-14,601899,10:29:40,2,3.65,717,262040
2015-12-14,601899,10:29:35,1,3.64,451,164178
2015-12-14,601899,10:29:30,1,3.64,455,165634
2015-12-14,601899,10:29:25,1,3.64,1556,566733
2015-12-14,601899,10:29:20,1,3.64,915,333074
2015-12-14,601899,10:29:15,2,3.64,964,350896
2015-12-14,601899,10:29:10,2,3.64,295,107394
2015-12-14,601899,10:29:04,1,3.63,265,96528
2015-12-14,601899,10:28:59,2,3.64,1603,583506
2015-12-14,601899,10:28:54,1,3.64,400,145600
2015-12-14,601899,10:28:49,2,3.65,359,131049
2015-12-14,601899,10:28:44,2,3.65,789,288320
2015-12-14,601899,10:28:39,2,3.65,1748,638020
2015-12-14,601899,10:28:34,2,3.65,816,297840
2015-12-14,601899,10:28:29,1,3.64,331,120498
2015-12-14,601899,10:28:24,2,3.65,616,224840
2015-12-14,601899,10:28:19,1,3.64,1688,614432
2015-12-14,601899,10:28:14,2,3.65,245,89760
2015-12-14,601899,10:28:09,2,3.65,1686,615419
2015-12-14,601899,10:28:04,2,3.65,2284,833660
2015-12-14,601899,10:27:59,1,3.64,2588,942032
2015-12-14,601899,10:27:54,2,3.65,700,255850
2015-12-14,601899,10:27:49,1,3.64,732,266448
2015-12-14,601899,10:27:44,2,3.65,183,66809
2015-12-14,601899,10:27:39,1,3.64,2369,862650
2015-12-14,601899,10:27:34,1,3.64,818,297781
2015-12-14,601899,10:27:29,2,3.65,1288,470120
2015-12-14,601899,10:27:24,1,3.64,475,172914
2015-12-14,601899,10:27:19,1,3.64,225,82234
2015-12-14,601899,10:27:14,2,3.65,716,261340
2015-12-14,601899,10:27:09,2,3.65,868,316820
2015-12-14,601899,10:27:04,1,3.65,907,331069
2015-12-14,601899,10:26:54,1,3.65,867,316469
2015-12-14,601899,10:26:49,1,3.65,2118,773391
2015-12-14,601899,10:26:39,1,3.65,2934,1070939
2015-12-14,601899,10:26:34,1,3.65,3071,1120929
2015-12-14,601899,10:26:24,1,3.65,2845,1038760
2015-12-14,601899,10:26:19,2,3.66,918,336017
2015-12-14,601899,10:26:09,1,3.65,660,240900
2015-12-14,601899,10:26:04,1,3.65,692,252930
2015-12-14,601899,10:25:59,2,3.66,572,209352
2015-12-14,601899,10:25:54,2,3.66,571,209000
2015-12-14,601899,10:25:49,2,3.66,224,81984
2015-12-14,601899,10:25:44,1,3.65,277,101440
2015-12-14,601899,10:25:39,2,3.66,700,256551
2015-12-14,601899,10:25:34,2,3.66,542,198401
2015-12-14,601899,10:25:29,2,3.66,328,120048
2015-12-14,601899,10:25:24,1,3.65,157,57640
2015-12-14,601899,10:25:19,1,3.66,1388,508125
2015-12-14,601899,10:25:14,1,3.66,1588,581559
2015-12-14,601899,10:25:09,1,3.66,1468,537463
2015-12-14,601899,10:25:04,2,3.67,1161,426131
2015-12-14,601899,10:24:59,1,3.66,2468,903288
2015-12-14,601899,10:24:54,2,3.67,1640,602232
2015-12-14,601899,10:24:49,2,3.67,677,248796
2015-12-14,601899,10:24:44,1,3.66,677,247825
2015-12-14,601899,10:24:39,1,3.66,1057,387198
2015-12-14,601899,10:24:34,2,3.67,2164,794540
2015-12-14,601899,10:24:29,1,3.66,1659,607208
2015-12-14,601899,10:24:24,1,3.66,1203,440312
2015-12-14,601899,10:24:19,1,3.66,849,311070
2015-12-14,601899,10:24:14,1,3.66,1092,399672
2015-12-14,601899,10:24:09,2,3.67,1225,449619
2015-12-14,601899,10:24:04,1,3.66,866,317278
2015-12-14,601899,10:23:59,2,3.67,969,355901
2015-12-14,601899,10:23:54,2,3.67,1761,646624
2015-12-14,601899,10:23:49,1,3.66,315,115304
2015-12-14,601899,10:23:44,2,3.67,1032,378744
2015-12-14,601899,10:23:39,1,3.66,571,209000
2015-12-14,601899,10:23:34,1,3.66,433,158814
2015-12-14,601899,10:23:29,2,3.67,375,137639
2015-12-14,601899,10:23:24,2,3.67,1051,385731
2015-12-14,601899,10:23:19,1,3.66,621,227622
2015-12-14,601899,10:23:14,2,3.67,1779,652907
2015-12-14,601899,10:23:09,2,3.67,399,146447
2015-12-14,601899,10:23:04,2,3.67,380,139460
2015-12-14,601899,10:22:59,2,3.67,593,217968
2015-12-14,601899,10:22:54,2,3.67,205,75279
2015-12-14,601899,10:22:49,2,3.67,480,176512
2015-12-14,601899,10:22:44,2,3.67,532,195244
2015-12-14,601899,10:22:39,1,3.67,384,140928
2015-12-14,601899,10:22:34,2,3.68,1964,723105
2015-12-14,601899,10:22:29,2,3.68,775,285214
2015-12-14,601899,10:22:24,2,3.68,303,111518
2015-12-14,601899,10:22:19,1,3.67,1333,489548
2015-12-14,601899,10:22:14,1,3.67,911,334351
2015-12-14,601899,10:22:09,1,3.67,2891,1061011
2015-12-14,601899,10:22:04,2,3.68,964,355105
2015-12-14,601899,10:21:59,1,3.67,1333,489548
2015-12-14,601899,10:21:54,2,3.68,773,284508
2015-12-14,601899,10:21:49,1,3.67,1148,421316
2015-12-14,601899,10:21:44,1,3.67,680,249560
2015-12-14,601899,10:21:39,2,3.68,317,116994
2015-12-14,601899,10:21:34,2,3.68,1495,550174
2015-12-14,601899,10:21:29,2,3.67,323,118555
2015-12-14,601899,10:21:24,2,3.67,509,187140
2015-12-14,601899,10:21:19,1,3.66,1080,395280
2015-12-14,601899,10:21:14,2,3.67,1502,551263
2015-12-14,601899,10:21:09,2,3.67,736,270464
2015-12-14,601899,10:21:04,2,3.67,720,264592
2015-12-14,601899,10:20:59,1,3.66,1204,441015
2015-12-14,601899,10:20:54,1,3.66,502,183936
2015-12-14,601899,10:20:49,2,3.67,1067,391662
2015-12-14,601899,10:20:44,2,3.66,4296,1572687
2015-12-14,601899,10:20:39,2,3.66,591,216320
2015-12-14,601899,10:20:34,1,3.65,888,324470
2015-12-14,601899,10:20:29,2,3.66,1531,560360
2015-12-14,601899,10:20:24,1,3.65,700,255500
2015-12-14,601899,10:20:19,2,3.66,1155,422744
2015-12-14,601899,10:20:14,1,3.65,1128,411895
2015-12-14,601899,10:20:09,1,3.65,466,170411
2015-12-14,601899,10:20:04,2,3.65,1489,543528
2015-12-14,601899,10:19:59,2,3.65,702,256551
2015-12-14,601899,10:19:54,2,3.65,629,229628
2015-12-14,601899,10:19:49,2,3.65,1173,428480
2015-12-14,601899,10:19:44,1,3.65,2252,822330
2015-12-14,601899,10:19:39,2,3.66,1973,722161
2015-12-14,601899,10:19:34,1,3.65,756,276290
2015-12-14,601899,10:19:29,1,3.65,448,163520
2015-12-14,601899,10:19:24,2,3.66,1048,383919
2015-12-14,601899,10:19:19,2,3.66,859,314408
2015-12-14,601899,10:19:14,1,3.65,1936,706640
2015-12-14,601899,10:19:04,2,3.66,1048,383568
2015-12-14,601899,10:18:59,2,3.66,852,311832
2015-12-14,601899,10:18:54,2,3.66,1735,635024
2015-12-14,601899,10:18:44,1,3.66,1808,661728
2015-12-14,601899,10:18:34,1,3.66,1412,516792
2015-12-14,601899,10:18:29,1,3.66,384,140544
2015-12-14,601899,10:18:24,1,3.66,1596,584487
2015-12-14,601899,10:18:14,2,3.67,379,139107
2015-12-14,601899,10:18:09,2,3.67,685,251732
2015-12-14,601899,10:18:04,1,3.66,835,305624
2015-12-14,601899,10:17:59,1,3.67,760,279096
2015-12-14,601899,10:17:54,1,3.67,387,142043
2015-12-14,601899,10:17:49,2,3.68,745,274498
2015-12-14,601899,10:17:44,1,3.67,966,354551
2015-12-14,601899,10:17:39,1,3.67,900,330652
2015-12-14,601899,10:17:34,2,3.68,3108,1143744
2015-12-14,601899,10:17:29,2,3.68,964,355105
2015-12-14,601899,10:17:24,1,3.67,2432,892544
2015-12-14,601899,10:17:19,2,3.68,318,117053
2015-12-14,601899,10:17:14,2,3.68,1080,397793
2015-12-14,601899,10:17:09,2,3.68,716,263488
2015-12-14,601899,10:17:04,1,3.68,753,277265
2015-12-14,601899,10:16:59,2,3.69,1166,430283
2015-12-14,601899,10:16:54,1,3.68,1072,394496
2015-12-14,601899,10:16:49,1,3.68,1238,455790
2015-12-14,601899,10:16:44,1,3.68,1896,697728
2015-12-14,601899,10:16:39,1,3.68,989,364290
2015-12-14,601899,10:16:34,1,3.68,1636,602401
2015-12-14,601899,10:16:29,2,3.68,2715,999134
2015-12-14,601899,10:16:24,2,3.68,586,215677
2015-12-14,601899,10:16:19,2,3.68,2798,1029811
2015-12-14,601899,10:16:14,2,3.68,2187,804830
2015-12-14,601899,10:16:09,2,3.68,603,221918
2015-12-14,601899,10:16:04,2,3.68,464,171105
2015-12-14,601899,10:15:59,2,3.68,1588,584737
2015-12-14,601899,10:15:54,1,3.68,1472,541990
2015-12-14,601899,10:15:49,2,3.69,1288,475626
2015-12-14,601899,10:15:44,1,3.68,1984,730229
2015-12-14,601899,10:15:38,1,3.68,1086,399971
2015-12-14,601899,10:15:33,2,3.69,783,288941
2015-12-14,601899,10:15:28,1,3.68,2888,1062784
2015-12-14,601899,10:15:23,1,3.68,1898,698493
2015-12-14,601899,10:15:18,2,3.69,602,222462
2015-12-14,601899,10:15:13,2,3.69,1445,533249
2015-12-14,601899,10:15:08,1,3.69,1521,561588
2015-12-14,601899,10:15:03,2,3.7,1028,380715
2015-12-14,601899,10:14:58,2,3.7,762,281969
2015-12-14,601899,10:14:53,2,3.7,435,160964
2015-12-14,601899,10:14:48,2,3.7,814,301505
2015-12-14,601899,10:14:43,1,3.7,1414,523268
2015-12-14,601899,10:14:38,1,3.7,1486,549849
2015-12-14,601899,10:14:33,2,3.71,3414,1266861
2015-12-14,601899,10:14:28,2,3.71,664,246344
2015-12-14,601899,10:14:23,1,3.71,1212,450008
2015-12-14,601899,10:14:18,2,3.72,4892,1819824
2015-12-14,601899,10:14:13,2,3.72,2229,829232
2015-12-14,601899,10:14:08,2,3.72,1521,566154
2015-12-14,601899,10:14:03,2,3.72,2180,811317
2015-12-14,601899,10:13:58,1,3.71,7657,2840791
2015-12-14,601899,10:13:53,2,3.73,4349,1622520
2015-12-14,601899,10:13:48,2,3.73,3511,1309617
2015-12-14,601899,10:13:43,2,3.73,2275,848589
2015-12-14,601899,10:13:38,2,3.73,5464,2038072
2015-12-14,601899,10:13:33,2,3.73,3513,1310692
2015-12-14,601899,10:13:28,1,3.73,6697,2498204
2015-12-14,601899,10:13:23,1,3.73,12734,4750110
2015-12-14,601899,10:13:18,2,3.74,4728,1768451
2015-12-14,601899,10:13:13,2,3.73,14078,5251123
2015-12-14,601899,10:13:08,2,3.73,2805,1046608
2015-12-14,601899,10:13:03,2,3.72,6497,2416928
2015-12-14,601899,10:12:58,1,3.71,3468,1286984
2015-12-14,601899,10:12:53,2,3.71,5604,2079440
2015-12-14,601899,10:12:48,1,3.71,5963,2212287
2015-12-14,601899,10:12:43,2,3.72,6796,2528112
2015-12-14,601899,10:12:38,2,3.71,2943,1091867
2015-12-14,601899,10:12:34,2,3.71,2420,897820
2015-12-14,601899,10:12:29,2,3.71,9911,3677233
2015-12-14,601899,10:12:24,2,3.7,1585,586494
2015-12-14,601899,10:12:19,1,3.68,2508,922944
2015-12-14,601899,10:12:14,2,3.7,2256,835075
2015-12-14,601899,10:12:09,2,3.68,56480,20784640
2015-12-14,601899,10:12:04,1,3.67,8804,3231420
2015-12-14,601899,10:11:59,1,3.67,5576,2046744
2015-12-14,601899,10:11:54,2,3.68,4197,1544540
2015-12-14,601899,10:11:49,1,3.67,1077,395596
2015-12-14,601899,10:11:44,2,3.68,2331,857822
2015-12-14,601899,10:11:39,2,3.67,2932,1076396
2015-12-14,601899,10:11:34,1,3.66,1431,523760
2015-12-14,601899,10:11:29,2,3.66,2048,749568
2015-12-14,601899,10:11:24,1,3.65,22404,8177460
2015-12-14,601899,10:11:19,1,3.65,737,269340
2015-12-14,601899,10:11:14,2,3.65,24133,8808705
2015-12-14,601899,10:11:04,2,3.65,25723,9388909
2015-12-14,601899,10:10:59,1,3.64,3169,1153559
2015-12-14,601899,10:10:54,2,3.65,17348,6332370
2015-12-14,601899,10:10:49,1,3.64,10757,3915882
2015-12-14,601899,10:10:39,2,3.64,13477,4905671
2015-12-14,601899,10:10:29,2,3.64,4571,1663858
2015-12-14,601899,10:10:24,2,3.64,764,278445
2015-12-14,601899,10:10:19,2,3.64,8354,3040885
2015-12-14,601899,10:10:14,1,3.63,5139,1865471
2015-12-14,601899,10:10:09,1,3.63,6490,2356189
2015-12-14,601899,10:10:04,1,3.63,1958,710783
2015-12-14,601899,10:09:59,1,3.63,1356,492228
2015-12-14,601899,10:09:54,2,3.64,5255,1912834
2015-12-14,601899,10:09:49,1,3.63,2440,885720
2015-12-14,601899,10:09:44,2,3.64,952,346877
2015-12-14,601899,10:09:39,2,3.64,1112,404768
2015-12-14,601899,10:09:34,1,3.63,1484,538692
2015-12-14,601899,10:09:29,1,3.63,1819,660311
2015-12-14,601899,10:09:24,2,3.64,1372,499757
2015-12-14,601899,10:09:19,2,3.64,1440,524160
2015-12-14,601899,10:09:14,1,3.63,527,191315
2015-12-14,601899,10:09:09,2,3.64,2001,728698
2015-12-14,601899,10:09:04,2,3.64,1710,622469
2015-12-14,601899,10:08:59,1,3.62,1708,618296
2015-12-14,601899,10:08:54,2,3.64,484,176176
2015-12-14,601899,10:08:49,1,3.62,14266,5164552
2015-12-14,601899,10:08:44,2,3.64,572,208208
2015-12-14,601899,10:08:39,2,3.63,1339,486129
2015-12-14,601899,10:08:34,2,3.63,426,154667
2015-12-14,601899,10:08:29,2,3.63,35746,12976117
2015-12-14,601899,10:08:24,2,3.63,2805,1018229
2015-12-14,601899,10:08:19,1,3.62,750,271500
2015-12-14,601899,10:08:14,1,3.62,1164,421368
2015-12-14,601899,10:08:09,1,3.62,479,173412
2015-12-14,601899,10:08:04,1,3.62,1642,594404
2015-12-14,601899,10:07:59,2,3.62,1362,493072
2015-12-14,601899,10:07:54,2,3.62,1215,439844
2015-12-14,601899,10:07:49,1,3.62,1687,610998
2015-12-14,601899,10:07:44,2,3.62,4847,1754657
2015-12-14,601899,10:07:39,2,3.62,1240,448880
2015-12-14,601899,10:07:34,1,3.61,5864,2116904
2015-12-14,601899,10:07:29,1,3.61,7590,2739990
2015-12-14,601899,10:07:24,2,3.62,1054,381548
2015-12-14,601899,10:07:19,2,3.62,1326,480012
2015-12-14,601899,10:07:14,2,3.62,1894,685628
2015-12-14,601899,10:07:09,2,3.62,3370,1219940
2015-12-14,601899,10:07:04,1,3.61,472,170392
2015-12-14,601899,10:06:59,2,3.61,8635,3117509
2015-12-14,601899,10:06:54,2,3.61,624,225264
2015-12-14,601899,10:06:49,2,3.61,582,210448
2015-12-14,601899,10:06:44,1,3.6,767,276134
2015-12-14,601899,10:06:39,2,3.61,1166,421272
2015-12-14,601899,10:06:34,1,3.6,729,262454
2015-12-14,601899,10:06:29,1,3.6,1338,482025
2015-12-14,601899,10:06:24,1,3.6,1144,412012
2015-12-14,601899,10:06:19,1,3.6,888,319680
2015-12-14,601899,10:06:14,1,3.6,1531,551174
2015-12-14,601899,10:06:09,1,3.6,942,339465
2015-12-14,601899,10:06:04,1,3.6,715,257414
2015-12-14,601899,10:05:59,2,3.6,1357,488534
2015-12-14,601899,10:05:54,2,3.6,285,102931
2015-12-14,601899,10:05:49,2,3.6,3641,1310774
2015-12-14,601899,10:05:44,1,3.6,1166,419875
2015-12-14,601899,10:05:39,1,3.6,4253,1531411
2015-12-14,601899,10:05:34,1,3.6,1501,540374
2015-12-14,601899,10:05:29,1,3.6,6886,2478960
2015-12-14,601899,10:05:24,1,3.6,1356,488160
2015-12-14,601899,10:05:19,1,3.6,4383,1577894
2015-12-14,601899,10:05:14,1,3.6,958,345225
2015-12-14,601899,10:05:09,1,3.6,943,339494
2015-12-14,601899,10:05:04,2,3.61,566,204672
2015-12-14,601899,10:04:59,1,3.6,861,309974
2015-12-14,601899,10:04:54,2,3.61,1048,378674
2015-12-14,601899,10:04:48,2,3.61,3850,1389850
2015-12-14,601899,10:04:43,1,3.6,1780,640800
2015-12-14,601899,10:04:38,2,3.61,1862,672182
2015-12-14,601899,10:04:33,1,3.6,3753,1351324
2015-12-14,601899,10:04:28,2,3.61,3368,1215848
2015-12-14,601899,10:04:23,1,3.6,879,316454
2015-12-14,601899,10:04:18,1,3.6,2054,739785
2015-12-14,601899,10:04:13,1,3.6,1965,707414
2015-12-14,601899,10:04:08,1,3.6,1520,547545
2015-12-14,601899,10:04:03,1,3.6,1875,675014
2015-12-14,601899,10:03:58,1,3.6,1072,386265
2015-12-14,601899,10:03:53,1,3.6,2127,765734
2015-12-14,601899,10:03:48,1,3.6,268,96825
2015-12-14,601899,10:03:43,1,3.6,347,124934
2015-12-14,601899,10:03:38,1,3.6,808,290880
2015-12-14,601899,10:03:33,2,3.61,266,96372
2015-12-14,601899,10:03:28,2,3.61,52,18800
2015-12-14,601899,10:03:23,1,3.61,4746,1713652
2015-12-14,601899,10:03:18,1,3.61,1754,633540
2015-12-14,601899,10:03:13,1,3.61,2109,761363
2015-12-14,601899,10:03:08,2,3.62,2678,969783
2015-12-14,601899,10:03:03,2,3.62,1401,507176
2015-12-14,601899,10:02:58,2,3.62,238,86503
2015-12-14,601899,10:02:53,2,3.62,1061,384096
2015-12-14,601899,10:02:48,2,3.62,1066,385892
2015-12-14,601899,10:02:43,1,3.62,4236,1533432
2015-12-14,601899,10:02:38,1,3.62,4565,1652718
2015-12-14,601899,10:02:33,2,3.63,2506,909678
2015-12-14,601899,10:02:28,1,3.62,5669,2052192
2015-12-14,601899,10:02:23,1,3.62,3077,1113917
2015-12-14,601899,10:02:18,2,3.63,1122,407286
2015-12-14,601899,10:02:12,1,3.62,1686,610679
2015-12-14,601899,10:02:07,2,3.63,3402,1234926
2015-12-14,601899,10:02:02,1,3.62,1512,547344
2015-12-14,601899,10:01:57,2,3.63,2720,987360
2015-12-14,601899,10:01:52,2,3.63,6631,2407067
2015-12-14,601899,10:01:47,1,3.62,1144,414128
2015-12-14,601899,10:01:42,2,3.63,2472,897684
2015-12-14,601899,10:01:37,1,3.62,3097,1121128
2015-12-14,601899,10:01:32,1,3.62,1864,675115
2015-12-14,601899,10:01:27,1,3.62,3317,1200826
2015-12-14,601899,10:01:22,2,3.63,1525,553908
2015-12-14,601899,10:01:17,2,3.63,509,184781
2015-12-14,601899,10:01:12,2,3.63,818,297282
2015-12-14,601899,10:01:07,1,3.62,2568,929616
2015-12-14,601899,10:01:02,2,3.63,539,195671
2015-12-14,601899,10:00:57,1,3.62,911,329796
2015-12-14,601899,10:00:52,2,3.63,940,341568
2015-12-14,601899,10:00:47,2,3.63,1338,485694
2015-12-14,601899,10:00:42,2,3.63,3286,1192818
2015-12-14,601899,10:00:37,1,3.62,1536,556379
2015-12-14,601899,10:00:32,2,3.63,9845,3573952
2015-12-14,601899,10:00:27,2,3.63,2050,744150
2015-12-14,601899,10:00:22,2,3.63,2286,829876
2015-12-14,601899,10:00:17,2,3.63,10560,3833280
2015-12-14,601899,10:00:12,2,3.63,1054,382602
2015-12-14,601899,10:00:07,1,3.62,796,288152
2015-12-14,601899,10:00:02,1,3.62,1090,394580
2015-12-14,601899,09:59:57,1,3.62,1114,403268
2015-12-14,601899,09:59:52,2,3.63,3390,1230918
2015-12-14,601899,09:59:47,1,3.62,793,287080
2015-12-14,601899,09:59:42,2,3.63,2634,956142
2015-12-14,601899,09:59:37,2,3.63,1998,725274
2015-12-14,601899,09:59:32,2,3.63,728,264612
2015-12-14,601899,09:59:27,1,3.62,2955,1069724
2015-12-14,601899,09:59:22,2,3.63,846,307098
2015-12-14,601899,09:59:17,2,3.63,4581,1662946
2015-12-14,601899,09:59:12,2,3.63,1064,386580
2015-12-14,601899,09:59:07,1,3.62,1258,455424
2015-12-14,601899,09:59:02,2,3.63,8139,2954674
2015-12-14,601899,09:58:57,1,3.62,966,350039
2015-12-14,601899,09:58:52,1,3.62,2514,910068
2015-12-14,601899,09:58:47,2,3.63,3159,1146731
2015-12-14,601899,09:58:42,1,3.62,20812,7534291
2015-12-14,601899,09:58:37,1,3.62,1353,489800
2015-12-14,601899,09:58:32,1,3.62,3496,1265552
2015-12-14,601899,09:58:27,2,3.63,2024,735060
2015-12-14,601899,09:58:22,1,3.62,14112,5108544
2015-12-14,601899,09:58:17,2,3.63,2505,909358
2015-12-14,601899,09:58:12,2,3.63,3398,1233474
2015-12-14,601899,09:58:07,2,3.63,7315,2655359
2015-12-14,601899,09:58:02,1,3.62,1508,546243
2015-12-14,601899,09:57:57,2,3.63,555,201479
2015-12-14,601899,09:57:52,2,3.63,1188,431244
2015-12-14,601899,09:57:47,1,3.62,708,256296
2015-12-14,601899,09:57:42,2,3.63,1066,386958
2015-12-14,601899,09:57:37,2,3.63,1382,502014
2015-12-14,601899,09:57:27,2,3.63,2274,825462
2015-12-14,601899,09:57:22,1,3.63,8861,3216702
2015-12-14,601899,09:57:17,1,3.63,1718,623634
2015-12-14,601899,09:57:12,1,3.63,5719,2076040
2015-12-14,601899,09:57:07,1,3.63,2380,863940
2015-12-14,601899,09:57:02,2,3.64,2776,1010464
2015-12-14,601899,09:56:57,1,3.63,3014,1094430
2015-12-14,601899,09:56:52,2,3.63,9898,3593148
2015-12-14,601899,09:56:47,2,3.63,3721,1350737
2015-12-14,601899,09:56:42,2,3.63,8796,3192948
2015-12-14,601899,09:56:37,1,3.62,11181,4047855
2015-12-14,601899,09:56:32,2,3.63,1946,706398
2015-12-14,601899,09:56:27,2,3.63,2234,811290
2015-12-14,601899,09:56:22,2,3.63,1939,703871
2015-12-14,601899,09:56:17,2,3.63,6342,2302494
2015-12-14,601899,09:56:12,1,3.62,3923,1420169
2015-12-14,601899,09:56:07,1,3.63,1888,685373
2015-12-14,601899,09:56:02,2,3.63,2821,1024356
2015-12-14,601899,09:55:57,2,3.63,2995,1087199
2015-12-14,601899,09:55:52,1,3.62,2540,919508
2015-12-14,601899,09:55:47,2,3.63,5847,2122794
2015-12-14,601899,09:55:42,1,3.62,12106,4382372
2015-12-14,601899,09:55:37,2,3.63,4055,1472153
2015-12-14,601899,09:55:32,1,3.62,3936,1424832
2015-12-14,601899,09:55:27,1,3.62,1670,604887
2015-12-14,601899,09:55:22,1,3.62,3456,1251072
2015-12-14,601899,09:55:17,1,3.62,2953,1069000
2015-12-14,601899,09:55:12,1,3.62,12074,4370961
2015-12-14,601899,09:55:07,1,3.62,16971,6143545
2015-12-14,601899,09:55:02,1,3.62,3702,1340471
2015-12-14,601899,09:54:57,1,3.62,6778,2453983
2015-12-14,601899,09:54:52,1,3.62,4256,1540672
2015-12-14,601899,09:54:47,2,3.63,1837,667019
2015-12-14,601899,09:54:42,2,3.63,3176,1153236
2015-12-14,601899,09:54:37,2,3.63,5129,1861841
2015-12-14,601899,09:54:32,1,3.62,3340,1209080
2015-12-14,601899,09:54:27,2,3.63,2640,958320
2015-12-14,601899,09:54:22,1,3.62,3074,1113135
2015-12-14,601899,09:54:17,1,3.62,13761,4981699
2015-12-14,601899,09:54:12,2,3.63,5609,2036168
2015-12-14,601899,09:54:07,2,3.63,4124,1497070
2015-12-14,601899,09:54:02,1,3.62,2358,853596
2015-12-14,601899,09:53:57,2,3.63,4170,1513710
2015-12-14,601899,09:53:52,0,3.62,1902,688697
2015-12-14,601899,09:53:47,2,3.63,7237,2627045
2015-12-14,601899,09:53:42,1,3.62,4115,1489818
2015-12-14,601899,09:53:37,1,3.62,1578,571236
2015-12-14,601899,09:53:32,2,3.62,3547,1284086
2015-12-14,601899,09:53:27,2,3.62,12524,4534035
2015-12-14,601899,09:53:22,1,3.61,3354,1210794
2015-12-14,601899,09:53:17,1,3.61,2082,751602
2015-12-14,601899,09:53:12,1,3.61,5960,2151560
2015-12-14,601899,09:53:07,1,3.61,1765,637237
2015-12-14,601899,09:53:02,2,3.61,9649,3483505
2015-12-14,601899,09:52:57,1,3.6,3002,1080748
2015-12-14,601899,09:52:52,1,3.6,736,264960
2015-12-14,601899,09:52:47,1,3.6,2353,847411
2015-12-14,601899,09:52:42,2,3.6,19994,7197868
2015-12-14,601899,09:52:37,2,3.59,2640,948104
2015-12-14,601899,09:52:32,2,3.58,2832,1013856
2015-12-14,601899,09:52:27,1,3.58,1317,471500
2015-12-14,601899,09:52:22,2,3.59,1088,390936
2015-12-14,601899,09:52:17,2,3.59,1866,670238
2015-12-14,601899,09:52:12,2,3.59,793,284701
2015-12-14,601899,09:52:07,0,3.59,1237,444097
2015-12-14,601899,09:52:02,2,3.6,1536,552960
2015-12-14,601899,09:51:57,2,3.6,1326,477705
2015-12-14,601899,09:51:52,2,3.6,2737,985334
2015-12-14,601899,09:51:47,1,3.6,4609,1659571
2015-12-14,601899,09:51:42,1,3.6,2257,812534
2015-12-14,601899,09:51:37,2,3.61,2456,886616
2015-12-14,601899,09:51:32,1,3.6,3272,1177920
2015-12-14,601899,09:51:27,2,3.61,1802,650868
2015-12-14,601899,09:51:22,2,3.61,5143,1856637
2015-12-14,601899,09:51:17,1,3.61,9716,3507649
2015-12-14,601899,09:51:12,1,3.62,9575,3466164
2015-12-14,601899,09:51:07,2,3.63,5684,2063292
2015-12-14,601899,09:51:02,1,3.62,2324,841288
2015-12-14,601899,09:50:57,2,3.63,4472,1623336
2015-12-14,601899,09:50:52,1,3.62,13734,4972055
2015-12-14,601899,09:50:42,2,3.63,5364,1947132
2015-12-14,601899,09:50:37,1,3.62,9968,3608416
2015-12-14,601899,09:50:32,2,3.63,14317,5197085
2015-12-14,601899,09:50:27,2,3.63,6766,2456232
2015-12-14,601899,09:50:22,1,3.61,17970,6487170
2015-12-14,601899,09:50:12,2,3.62,5587,2022494
2015-12-14,601899,09:50:07,2,3.62,4403,1593886
2015-12-14,601899,09:50:02,2,3.62,5350,1936700
2015-12-14,601899,09:49:57,2,3.61,4059,1465299
2015-12-14,601899,09:49:52,2,3.61,8523,3076803
2015-12-14,601899,09:49:47,2,3.6,5432,1955520
2015-12-14,601899,09:49:42,2,3.6,4506,1622160
2015-12-14,601899,09:49:37,2,3.59,7136,2561824
2015-12-14,601899,09:49:32,2,3.59,3287,1180033
2015-12-14,601899,09:49:27,1,3.58,2984,1068272
2015-12-14,601899,09:49:22,2,3.58,16990,6082663
2015-12-14,601899,09:49:17,2,3.58,0,0
2015-12-14,601899,09:49:17,2,3.58,5902,2113259
2015-12-14,601899,09:49:07,2,3.58,4021,1439532
2015-12-14,601899,09:48:57,1,3.55,38622,13710810
2015-12-14,601899,09:48:52,1,3.55,11358,4032430
2015-12-14,601899,09:48:42,1,3.55,1789,635109
2015-12-14,601899,09:48:37,2,3.56,8604,3063365
2015-12-14,601899,09:48:27,1,3.54,3825,1354064
2015-12-14,601899,09:48:22,2,3.55,15150,5378590
2015-12-14,601899,09:48:12,1,3.54,923,326756
2015-12-14,601899,09:48:07,2,3.54,8410,2977140
2015-12-14,601899,09:47:57,2,3.54,1860,658440
2015-12-14,601899,09:47:52,2,3.54,1654,585855
2015-12-14,601899,09:47:42,1,3.53,1785,630119
2015-12-14,601899,09:47:37,2,3.54,4572,1618488
2015-12-14,601899,09:47:27,2,3.54,1290,456660
2015-12-14,601899,09:47:22,2,3.55,9700,3443840
2015-12-14,601899,09:47:17,1,3.54,1259,445700
2015-12-14,601899,09:47:17,1,3.54,1838,650652
2015-12-14,601899,09:47:07,1,3.54,488,173091
2015-12-14,601899,09:47:02,2,3.55,5982,2123610
2015-12-14,601899,09:46:57,1,3.55,2080,738471
2015-12-14,601899,09:46:52,2,3.55,1503,533849
2015-12-14,601899,09:46:47,2,3.55,7950,2822250
2015-12-14,601899,09:46:37,2,3.55,1002,355710
2015-12-14,601899,09:46:32,1,3.54,7236,2561544
2015-12-14,601899,09:46:22,2,3.55,1933,686229
2015-12-14,601899,09:46:17,2,3.55,5986,2125030
2015-12-14,601899,09:46:07,1,3.54,958,339471
2015-12-14,601899,09:46:02,1,3.54,11325,4009064
2015-12-14,601899,09:45:52,2,3.54,1214,429756
2015-12-14,601899,09:45:47,2,3.54,21211,7509040
2015-12-14,601899,09:45:42,2,3.53,14616,5159448
2015-12-14,601899,09:45:32,1,3.52,12253,4313056
2015-12-14,601899,09:45:27,1,3.52,833,293216
2015-12-14,601899,09:45:22,1,3.52,1957,688864
2015-12-14,601899,09:45:17,2,3.52,7605,2676995
2015-12-14,601899,09:45:12,1,3.51,15242,5349942
2015-12-14,601899,09:45:02,2,3.52,5141,1809632
2015-12-14,601899,09:44:47,2,3.52,882,310464
2015-12-14,601899,09:44:42,1,3.52,1325,466400
2015-12-14,601899,09:44:32,2,3.52,1477,519904
2015-12-14,601899,09:44:27,1,3.52,6447,2269527
2015-12-14,601899,09:44:12,1,3.52,572,201344
2015-12-14,601899,09:44:07,2,3.53,1627,574331
2015-12-14,601899,09:44:02,2,3.53,1608,567624
2015-12-14,601899,09:43:57,1,3.52,1227,432072
2015-12-14,601899,09:43:52,2,3.52,11524,4056448
2015-12-14,601899,09:43:42,1,3.52,1579,555808
2015-12-14,601899,09:43:37,2,3.52,1610,566720
2015-12-14,601899,09:43:27,2,3.52,11238,3955776
2015-12-14,601899,09:43:22,2,3.52,2648,932096
2015-12-14,601899,09:43:12,1,3.51,303,106353
2015-12-14,601899,09:43:07,2,3.52,7337,2582624
2015-12-14,601899,09:42:52,1,3.5,11264,3942400
2015-12-14,601899,09:42:47,2,3.5,11349,3972150
2015-12-14,601899,09:42:37,2,3.49,14732,5141468
2015-12-14,601899,09:42:27,1,3.48,2086,725928
2015-12-14,601899,09:42:22,1,3.48,391,136068
2015-12-14,601899,09:42:17,2,3.49,2095,731155
2015-12-14,601899,09:42:07,2,3.49,527,183923
2015-12-14,601899,09:42:02,2,3.49,631,220219
2015-12-14,601899,09:41:52,1,3.48,318,110664
2015-12-14,601899,09:41:47,1,3.48,500,174000
2015-12-14,601899,09:41:42,2,3.49,933,325617
2015-12-14,601899,09:41:27,1,3.49,69,24081
2015-12-14,601899,09:41:22,1,3.5,6151,2153032
2015-12-14,601899,09:41:12,1,3.5,4729,1655150
2015-12-14,601899,09:41:07,1,3.5,2282,799046
2015-12-14,601899,09:41:02,2,3.51,2165,759915
2015-12-14,601899,09:40:52,2,3.51,866,303966
2015-12-14,601899,09:40:42,1,3.5,579,202650
2015-12-14,601899,09:40:37,1,3.51,4057,1424007
2015-12-14,601899,09:40:27,2,3.52,18771,6607392
2015-12-14,601899,09:40:07,2,3.51,7386,2592486
2015-12-14,601899,09:40:02,1,3.5,1934,676900
2015-12-14,601899,09:39:52,2,3.5,15227,5329625
2015-12-14,601899,09:39:37,1,3.49,1114,388786
2015-12-14,601899,09:39:32,1,3.49,1886,658214
2015-12-14,601899,09:39:27,2,3.49,9044,3156356
2015-12-14,601899,09:39:22,1,3.48,830,288840
2015-12-14,601899,09:39:17,2,3.48,5115,1780020
2015-12-14,601899,09:39:07,1,3.47,135,46845
2015-12-14,601899,09:39:02,2,3.48,633,220284
2015-12-14,601899,09:38:52,1,3.46,2305,797530
2015-12-14,601899,09:38:47,2,3.47,4240,1471280
2015-12-14,601899,09:38:32,2,3.46,7027,2431342
2015-12-14,601899,09:38:17,2,3.45,6118,2110882
2015-12-14,601899,09:38:12,2,3.45,531,183195
2015-12-14,601899,09:38:02,1,3.44,90,30960
2015-12-14,601899,09:37:57,1,3.44,413,142072
2015-12-14,601899,09:37:47,1,3.44,162,55728
2015-12-14,601899,09:37:42,1,3.44,252,86688
2015-12-14,601899,09:37:32,1,3.44,292,100448
2015-12-14,601899,09:37:27,2,3.44,1250,430000
2015-12-14,601899,09:37:17,2,3.44,225,77400
2015-12-14,601899,09:37:12,2,3.44,131,45064
2015-12-14,601899,09:37:02,1,3.43,333,114219
2015-12-14,601899,09:36:57,1,3.43,50,17150
2015-12-14,601899,09:36:52,2,3.44,562,193328
2015-12-14,601899,09:36:42,1,3.43,2380,816340
2015-12-14,601899,09:36:37,1,3.43,93,31899
2015-12-14,601899,09:36:27,2,3.44,249,85656
2015-12-14,601899,09:36:21,2,3.44,380,130720
2015-12-14,601899,09:36:16,2,3.44,95,32680
2015-12-14,601899,09:36:11,2,3.44,391,134504
2015-12-14,601899,09:36:06,2,3.44,40,13760
2015-12-14,601899,09:35:56,1,3.44,131,45064
2015-12-14,601899,09:35:51,1,3.44,681,234264
2015-12-14,601899,09:35:41,1,3.44,359,123496
2015-12-14,601899,09:35:36,2,3.45,1191,410895
2015-12-14,601899,09:35:31,1,3.44,131,45064
2015-12-14,601899,09:35:26,2,3.45,801,276345
2015-12-14,601899,09:35:21,2,3.44,3437,1182328
2015-12-14,601899,09:35:16,1,3.43,4235,1452605
2015-12-14,601899,09:35:16,2,3.44,2292,788448
2015-12-14,601899,09:35:06,1,3.44,333,114552
2015-12-14,601899,09:35:01,2,3.45,138,47610
2015-12-14,601899,09:34:51,1,3.43,2701,926443
2015-12-14,601899,09:34:46,1,3.44,551,189544
2015-12-14,601899,09:34:41,1,3.44,286,98384
2015-12-14,601899,09:34:36,2,3.44,1182,406608
2015-12-14,601899,09:34:31,2,3.43,6529,2239447
2015-12-14,601899,09:34:21,2,3.43,180,61740
2015-12-14,601899,09:34:16,2,3.43,469,160867
2015-12-14,601899,09:34:06,1,3.42,26,8892
2015-12-14,601899,09:33:56,2,3.42,1109,379284
2015-12-14,601899,09:33:46,2,3.42,682,233244
2015-12-14,601899,09:33:41,2,3.42,6613,2261646
2015-12-14,601899,09:33:31,1,3.41,10554,3598914
2015-12-14,601899,09:33:26,1,3.41,323,110143
2015-12-14,601899,09:33:16,2,3.42,145,49590
2015-12-14,601899,09:33:11,1,3.41,264,90024
2015-12-14,601899,09:33:06,1,3.41,510,173910
2015-12-14,601899,09:32:56,2,3.42,1163,397746
2015-12-14,601899,09:32:41,2,3.42,311,106362
2015-12-14,601899,09:32:36,2,3.42,1028,351576
2015-12-14,601899,09:32:21,1,3.41,203,69223
2015-12-14,601899,09:32:16,1,3.41,280,95480
2015-12-14,601899,09:32:06,1,3.41,767,261547
2015-12-14,601899,09:32:01,1,3.41,91,31031
2015-12-14,601899,09:31:56,1,3.41,437,149017
2015-12-14,601899,09:31:46,1,3.41,417,142197
2015-12-14,601899,09:31:36,2,3.42,286,97812
2015-12-14,601899,09:31:31,1,3.41,2641,900581
2015-12-14,601899,09:31:21,1,3.41,244,83204
2015-12-14,601899,09:31:16,1,3.41,763,260183
2015-12-14,601899,09:31:06,1,3.41,159,54219
2015-12-14,601899,09:31:01,2,3.42,546,186783
2015-12-14,601899,09:30:46,2,3.42,557,190494
2015-12-14,601899,09:30:41,1,3.41,1002,341682
2015-12-14,601899,09:30:31,2,3.42,83,28386
2015-12-14,601899,09:30:26,2,3.42,123,42066
2015-12-14,601899,09:30:16,2,3.42,3099,1059858
2015-12-14,601899,09:30:01,1,3.41,4733,1614123
2015-12-14,601899,09:25:11,2,3.42,5622,1922895
2015-12-11,601899,15:00:03,2,3.45,27,9328
2015-12-11,601899,14:59:58,1,3.44,62,21328
2015-12-11,601899,14:59:53,2,3.45,34,12061
2015-12-11,601899,14:59:48,1,3.45,2295,792037
2015-12-11,601899,14:59:43,1,3.45,170,58650
2015-12-11,601899,14:59:38,2,3.46,237,82015
2015-12-11,601899,14:59:33,1,3.45,72,25171
2015-12-11,601899,14:59:28,2,3.46,2310,799260
2015-12-11,601899,14:59:23,2,3.46,872,301712
2015-12-11,601899,14:59:13,2,3.46,568,196528
2015-12-11,601899,14:59:02,1,3.45,817,281878
2015-12-11,601899,14:58:57,2,3.46,2,1024
2015-12-11,601899,14:58:52,2,3.46,2220,768203
2015-12-11,601899,14:58:42,2,3.46,335,115923
2015-12-11,601899,14:58:32,1,3.45,50,17581
2015-12-11,601899,14:58:27,2,3.46,251,86859
2015-12-11,601899,14:58:22,2,3.46,250,86500
2015-12-11,601899,14:58:17,2,3.46,20,7252
2015-12-11,601899,14:58:12,1,3.45,93,32098
2015-12-11,601899,14:58:07,1,3.45,28,9991
2015-12-11,601899,14:58:02,2,3.46,15,5203
2015-12-11,601899,14:57:57,1,3.45,230,79350
2015-12-11,601899,14:57:52,2,3.46,42,14532
2015-12-11,601899,14:57:47,1,3.45,844,291511
2015-12-11,601899,14:57:37,1,3.45,212,73140
2015-12-11,601899,14:57:32,1,3.45,372,128340
2015-12-11,601899,14:57:22,1,3.45,26,8970
2015-12-11,601899,14:57:17,1,3.45,5,1738
2015-12-11,601899,14:57:12,1,3.45,80,27931
2015-12-11,601899,14:57:07,2,3.45,336,115920
2015-12-11,601899,14:57:02,2,3.45,434,149730
2015-12-11,601899,14:56:57,2,3.45,30,10350
2015-12-11,601899,14:56:52,1,3.45,55,18988
2015-12-11,601899,14:56:47,2,3.46,244,84424
2015-12-11,601899,14:56:42,2,3.45,458,158341
2015-12-11,601899,14:56:37,1,3.45,8382,2891790
2015-12-11,601899,14:56:32,2,3.46,261,90319
2015-12-11,601899,14:56:27,1,3.45,36,12420
2015-12-11,601899,14:56:22,2,3.46,294,101724
2015-12-11,601899,14:56:17,1,3.45,650,224250
2015-12-11,601899,14:56:12,1,3.45,110,37950
2015-12-11,601899,14:56:07,1,3.45,170,58650
2015-12-11,601899,14:56:02,2,3.46,1356,469176
2015-12-11,601899,14:55:57,2,3.46,6,2076
2015-12-11,601899,14:55:52,1,3.45,48,16560
2015-12-11,601899,14:55:47,2,3.46,108,37368
2015-12-11,601899,14:55:42,2,3.46,352,121792
2015-12-11,601899,14:55:37,1,3.45,178,61741
2015-12-11,601899,14:55:32,1,3.45,178,61410
2015-12-11,601899,14:55:27,2,3.46,32,11072
2015-12-11,601899,14:55:22,2,3.46,136,47056
2015-12-11,601899,14:55:17,2,3.46,137,47415
2015-12-11,601899,14:55:12,2,3.46,1300,449800
2015-12-11,601899,14:55:07,1,3.45,102,35521
2015-12-11,601899,14:55:02,1,3.45,135,46588
2015-12-11,601899,14:54:57,2,3.46,346,120048
2015-12-11,601899,14:54:52,2,3.46,76,26296
2015-12-11,601899,14:54:47,2,3.46,262,90652
2015-12-11,601899,14:54:42,1,3.45,147,50728
2015-12-11,601899,14:54:37,1,3.45,190,65881
2015-12-11,601899,14:54:32,2,3.46,46,15916
2015-12-11,601899,14:54:26,1,3.45,924,318780
2015-12-11,601899,14:54:21,1,3.45,181,62458
2015-12-11,601899,14:54:16,1,3.45,1602,553021
2015-12-11,601899,14:54:11,2,3.46,623,215571
2015-12-11,601899,14:54:06,2,3.46,140,48440
2015-12-11,601899,14:54:01,1,3.45,60,20700
2015-12-11,601899,14:53:56,1,3.45,66,22770
2015-12-11,601899,14:53:51,1,3.45,38,13110
2015-12-11,601899,14:53:46,2,3.46,22,7944
2015-12-11,601899,14:53:41,1,3.45,263,90748
2015-12-11,601899,14:53:36,2,3.46,6,2076
2015-12-11,601899,14:53:31,1,3.45,328,113491
2015-12-11,601899,14:53:26,2,3.46,268,92728
2015-12-11,601899,14:53:21,2,3.46,414,143244
2015-12-11,601899,14:53:16,1,3.45,36,12420
2015-12-11,601899,14:53:11,2,3.46,122,42212
2015-12-11,601899,14:53:06,2,3.46,218,75428
2015-12-11,601899,14:53:01,1,3.45,54,18630
2015-12-11,601899,14:52:56,2,3.46,15,5203
2015-12-11,601899,14:52:51,1,3.45,64,22411
2015-12-11,601899,14:52:46,2,3.46,19,6587
2015-12-11,601899,14:52:41,1,3.45,968,333960
2015-12-11,601899,14:52:36,2,3.46,100,34932
2015-12-11,601899,14:52:31,1,3.45,189,65218
2015-12-11,601899,14:52:26,2,3.46,44,15556
2015-12-11,601899,14:52:21,2,3.46,158,54668
2015-12-11,601899,14:52:16,2,3.46,115,39803
2015-12-11,601899,14:52:11,1,3.45,108,37591
2015-12-11,601899,14:52:06,1,3.45,690,238050
2015-12-11,601899,14:52:01,1,3.45,42,14490
2015-12-11,601899,14:51:56,1,3.45,14,4830
2015-12-11,601899,14:51:51,1,3.45,169,58318
2015-12-11,601899,14:51:46,1,3.45,308,106260
2015-12-11,601899,14:51:41,1,3.45,172,59340
2015-12-11,601899,14:51:36,1,3.45,86,29670
2015-12-11,601899,14:51:31,1,3.45,44,15180
2015-12-11,601899,14:51:26,1,3.45,36,12420
2015-12-11,601899,14:51:21,1,3.45,10,3450
2015-12-11,601899,14:51:16,2,3.46,394,136656
2015-12-11,601899,14:51:11,2,3.46,251,86859
2015-12-11,601899,14:51:06,1,3.45,226,78301
2015-12-11,601899,14:51:01,2,3.46,10,3460
2015-12-11,601899,14:50:56,2,3.46,457,158135
2015-12-11,601899,14:50:51,1,3.45,1006,347070
2015-12-11,601899,14:50:46,1,3.45,64,22411
2015-12-11,601899,14:50:41,1,3.45,818,282210
2015-12-11,601899,14:50:36,2,3.46,116,40136
2015-12-11,601899,14:50:31,1,3.45,31,10708
2015-12-11,601899,14:50:26,2,3.46,24,8636
2015-12-11,601899,14:50:21,1,3.45,13,4498
2015-12-11,601899,14:50:16,2,3.46,214,74376
2015-12-11,601899,14:50:11,2,3.46,137,47415
2015-12-11,601899,14:50:06,1,3.45,44,15180
2015-12-11,601899,14:50:01,1,3.45,184,63480
2015-12-11,601899,14:49:56,2,3.46,896,310016
2015-12-11,601899,14:49:50,1,3.45,520,179400
2015-12-11,601899,14:49:45,1,3.45,34,11730
2015-12-11,601899,14:49:40,1,3.45,62,21721
2015-12-11,601899,14:49:35,1,3.45,77,26578
2015-12-11,601899,14:49:30,1,3.45,148,51060
2015-12-11,601899,14:49:25,1,3.45,524,180780
2015-12-11,601899,14:49:20,1,3.45,396,136620
2015-12-11,601899,14:49:15,1,3.45,22,7921
2015-12-11,601899,14:49:10,1,3.45,81,27958
2015-12-11,601899,14:49:05,1,3.45,86,30001
2015-12-11,601899,14:49:00,1,3.45,29,10018
2015-12-11,601899,14:48:55,2,3.46,14,4844
2015-12-11,601899,14:48:50,2,3.46,780,269880
2015-12-11,601899,14:48:45,1,3.45,912,314971
2015-12-11,601899,14:48:40,1,3.45,374,129030
2015-12-11,601899,14:48:35,1,3.45,59,20368
2015-12-11,601899,14:48:30,1,3.45,26,9301
2015-12-11,601899,14:48:25,2,3.46,245,84783
2015-12-11,601899,14:48:20,2,3.46,398,137708
2015-12-11,601899,14:48:07,1,3.45,74,25861
2015-12-11,601899,14:47:57,1,3.45,75,25888
2015-12-11,601899,14:47:52,1,3.45,242,83821
2015-12-11,601899,14:47:52,1,3.45,37,12778
2015-12-11,601899,14:47:37,1,3.45,164,56580
2015-12-11,601899,14:47:30,2,3.46,536,185456
2015-12-11,601899,14:47:20,1,3.45,542,187238
2015-12-11,601899,14:47:15,1,3.45,190,65881
2015-12-11,601899,14:47:05,1,3.45,33,11398
2015-12-11,601899,14:47:00,1,3.45,140,48300
2015-12-11,601899,14:46:55,2,3.46,50,17300
2015-12-11,601899,14:46:50,1,3.45,60,20700
2015-12-11,601899,14:46:40,1,3.45,30,10350
2015-12-11,601899,14:46:35,1,3.45,168,57960
2015-12-11,601899,14:46:30,1,3.45,8,2760
2015-12-11,601899,14:46:25,1,3.45,28,9660
2015-12-11,601899,14:46:20,1,3.45,78,27241
2015-12-11,601899,14:46:15,2,3.46,21,7279
2015-12-11,601899,14:46:10,2,3.46,58,20068
2015-12-11,601899,14:46:05,1,3.45,140,48300
2015-12-11,601899,14:46:00,1,3.45,56,19651
2015-12-11,601899,14:45:55,1,3.45,44,15180
2015-12-11,601899,14:45:50,2,3.46,789,273007
2015-12-11,601899,14:45:45,1,3.45,30,10681
2015-12-11,601899,14:45:40,1,3.45,100,34500
2015-12-11,601899,14:45:35,1,3.45,1057,364678
2015-12-11,601899,14:45:30,1,3.45,180,62100
2015-12-11,601899,14:45:25,1,3.45,8,2760
2015-12-11,601899,14:45:20,2,3.46,30,10380
2015-12-11,601899,14:45:15,2,3.46,440,152572
2015-12-11,601899,14:45:09,2,3.46,110,38087
2015-12-11,601899,14:45:04,1,3.45,48,16560
2015-12-11,601899,14:44:59,2,3.46,16,5536
2015-12-11,601899,14:44:54,1,3.45,8,2760
2015-12-11,601899,14:44:49,1,3.45,17,6182
2015-12-11,601899,14:44:44,1,3.45,180,62100
2015-12-11,601899,14:44:39,1,3.46,226,78223
2015-12-11,601899,14:44:34,1,3.46,433,150136
2015-12-11,601899,14:44:29,1,3.46,242,83759
2015-12-11,601899,14:44:24,1,3.46,116,40468
2015-12-11,601899,14:44:19,1,3.46,743,257091
2015-12-11,601899,14:44:14,1,3.46,398,138040
2015-12-11,601899,14:44:09,1,3.46,150,51900
2015-12-11,601899,14:44:04,1,3.46,319,110387
2015-12-11,601899,14:43:59,1,3.46,797,276080
2015-12-11,601899,14:43:54,1,3.46,410,141887
2015-12-11,601899,14:43:49,1,3.46,1114,385776
2015-12-11,601899,14:43:44,1,3.46,2801,969159
2015-12-11,601899,14:43:39,2,3.47,244,85001
2015-12-11,601899,14:43:34,1,3.46,114,39444
2015-12-11,601899,14:43:29,1,3.46,234,80964
2015-12-11,601899,14:43:24,1,3.46,72,24912
2015-12-11,601899,14:43:19,1,3.46,608,210700
2015-12-11,601899,14:43:14,1,3.46,38,13175
2015-12-11,601899,14:43:09,1,3.46,52,17992
2015-12-11,601899,14:43:04,1,3.46,341,118304
2015-12-11,601899,14:42:59,1,3.46,276,95496
2015-12-11,601899,14:42:54,1,3.46,546,188943
2015-12-11,601899,14:42:49,2,3.47,441,153346
2015-12-11,601899,14:42:44,2,3.47,143,49634
2015-12-11,601899,14:42:39,2,3.47,48,16989
2015-12-11,601899,14:42:34,1,3.46,63,21811
2015-12-11,601899,14:42:29,1,3.46,100,34600
2015-12-11,601899,14:42:24,1,3.46,2212,765684
2015-12-11,601899,14:42:19,1,3.46,194,67151
2015-12-11,601899,14:42:14,2,3.47,445,154734
2015-12-11,601899,14:42:09,1,3.46,244,84424
2015-12-11,601899,14:42:04,1,3.46,350,121127
2015-12-11,601899,14:41:59,1,3.46,61,21424
2015-12-11,601899,14:41:54,2,3.47,621,215500
2015-12-11,601899,14:41:49,1,3.46,14,4844
2015-12-11,601899,14:41:44,1,3.46,91,31499
2015-12-11,601899,14:41:39,1,3.46,116,40136
2015-12-11,601899,14:41:34,1,3.46,117,40800
2015-12-11,601899,14:41:29,1,3.46,16,5536
2015-12-11,601899,14:41:24,2,3.47,184,63848
2015-12-11,601899,14:41:19,2,3.47,129,44776
2015-12-11,601899,14:41:14,1,3.46,58,20068
2015-12-11,601899,14:41:09,2,3.47,11,3830
2015-12-11,601899,14:41:04,2,3.47,52,18377
2015-12-11,601899,14:40:59,1,3.46,166,57436
2015-12-11,601899,14:40:54,2,3.47,46,16295
2015-12-11,601899,14:40:49,1,3.46,1225,423863
2015-12-11,601899,14:40:44,1,3.46,2858,989200
2015-12-11,601899,14:40:39,1,3.46,8,2768
2015-12-11,601899,14:40:34,2,3.47,548,190156
2015-12-11,601899,14:40:28,1,3.46,96,33216
2015-12-11,601899,14:40:23,1,3.46,31,10739
2015-12-11,601899,14:40:18,1,3.46,166,57436
2015-12-11,601899,14:40:13,1,3.46,30,10380
2015-12-11,601899,14:40:08,2,3.47,59,20486
2015-12-11,601899,14:40:03,1,3.46,110,38392
2015-12-11,601899,14:39:58,2,3.47,480,166560
2015-12-11,601899,14:39:53,1,3.46,22,7612
2015-12-11,601899,14:39:48,1,3.46,278,96188
2015-12-11,601899,14:39:43,1,3.46,130,44980
2015-12-11,601899,14:39:38,1,3.46,83,28731
2015-12-11,601899,14:39:33,1,3.46,69,24192
2015-12-11,601899,14:39:28,1,3.46,84,29064
2015-12-11,601899,14:39:23,1,3.46,69,23887
2015-12-11,601899,14:39:18,2,3.47,50,17350
2015-12-11,601899,14:39:13,1,3.46,154,53284
2015-12-11,601899,14:39:08,1,3.46,94,32856
2015-12-11,601899,14:39:03,2,3.47,1126,390749
2015-12-11,601899,14:38:58,2,3.47,178,62099
2015-12-11,601899,14:38:53,2,3.47,126,44055
2015-12-11,601899,14:38:48,1,3.46,206,71303
2015-12-11,601899,14:38:43,1,3.46,78,27320
2015-12-11,601899,14:38:38,1,3.46,161,55719
2015-12-11,601899,14:38:33,2,3.47,782,271687
2015-12-11,601899,14:38:28,1,3.46,14,5176
2015-12-11,601899,14:38:23,1,3.46,170,58847
2015-12-11,601899,14:38:18,1,3.46,52,18324
2015-12-11,601899,14:38:13,1,3.46,140,48772
2015-12-11,601899,14:38:08,1,3.46,685,237023
2015-12-11,601899,14:38:03,1,3.46,14,5176
2015-12-11,601899,14:37:58,2,3.47,185,64208
2015-12-11,601899,14:37:53,1,3.46,8,2768
2015-12-11,601899,14:37:48,1,3.46,50,17300
2015-12-11,601899,14:37:43,1,3.46,630,217980
2015-12-11,601899,14:37:38,1,3.46,74,25936
2015-12-11,601899,14:37:33,1,3.46,97,33575
2015-12-11,601899,14:37:28,1,3.46,30,10712
2015-12-11,601899,14:37:23,1,3.46,20,6920
2015-12-11,601899,14:37:18,2,3.47,158,54853
2015-12-11,601899,14:37:13,1,3.46,50,17632
2015-12-11,601899,14:37:08,2,3.47,124,43028
2015-12-11,601899,14:37:03,1,3.46,90,31140
2015-12-11,601899,14:36:58,1,3.46,216,74736
2015-12-11,601899,14:36:53,2,3.47,84,29481
2015-12-11,601899,14:36:48,1,3.46,65,22503
2015-12-11,601899,14:36:43,2,3.47,274,95411
2015-12-11,601899,14:36:38,2,3.47,192,66624
2015-12-11,601899,14:36:33,2,3.47,51,17710
2015-12-11,601899,14:36:28,2,3.47,32,11104
2015-12-11,601899,14:36:23,2,3.47,174,60378
2015-12-11,601899,14:36:18,2,3.47,198,68706
2015-12-11,601899,14:36:13,1,3.46,131,45339
2015-12-11,601899,14:36:08,2,3.47,60,21153
2015-12-11,601899,14:36:03,1,3.46,56,19708
2015-12-11,601899,14:35:57,1,3.46,93,32191
2015-12-11,601899,14:35:52,2,3.47,1660,576020
2015-12-11,601899,14:35:47,1,3.46,30,10712
2015-12-11,601899,14:35:42,2,3.47,32,11104
2015-12-11,601899,14:35:37,1,3.46,54,18711
2015-12-11,601899,14:35:32,1,3.46,180,62280
2015-12-11,601899,14:35:27,2,3.47,142,49607
2015-12-11,601899,14:35:22,2,3.47,53,18404
2015-12-11,601899,14:35:17,1,3.46,169,58792
2015-12-11,601899,14:35:12,1,3.46,45,15583
2015-12-11,601899,14:35:02,2,3.47,121,42000
2015-12-11,601899,14:34:52,1,3.46,281,97544
2015-12-11,601899,14:34:47,2,3.47,145,50328
2015-12-11,601899,14:34:37,2,3.47,3150,1093383
2015-12-11,601899,14:34:27,2,3.47,614,213224
2015-12-11,601899,14:34:22,2,3.46,680,235280
2015-12-11,601899,14:34:17,2,3.46,189,65407
2015-12-11,601899,14:34:07,2,3.46,394,136324
2015-12-11,601899,14:33:57,1,3.45,148,51060
2015-12-11,601899,14:33:52,1,3.45,484,166980
2015-12-11,601899,14:33:47,2,3.46,1132,391672
2015-12-11,601899,14:33:42,1,3.45,44,15180
2015-12-11,601899,14:33:37,1,3.45,54,18961
2015-12-11,601899,14:33:32,2,3.46,276,95496
2015-12-11,601899,14:33:27,2,3.46,186,64356
2015-12-11,601899,14:33:22,1,3.45,58,20010
2015-12-11,601899,14:33:17,1,3.45,61,21058
2015-12-11,601899,14:33:12,1,3.45,1548,534391
2015-12-11,601899,14:33:07,1,3.45,86,29670
2015-12-11,601899,14:33:02,1,3.45,127,43828
2015-12-11,601899,14:32:57,1,3.45,436,150420
2015-12-11,601899,14:32:52,1,3.45,576,198720
2015-12-11,601899,14:32:47,1,3.45,304,104880
2015-12-11,601899,14:32:42,2,3.46,36,12788
2015-12-11,601899,14:32:37,1,3.45,83,28648
2015-12-11,601899,14:32:32,2,3.46,330,114180
2015-12-11,601899,14:32:27,2,3.46,62,21784
2015-12-11,601899,14:32:22,1,3.45,66,22770
2015-12-11,601899,14:32:17,1,3.45,761,262558
2015-12-11,601899,14:32:12,1,3.45,482,166290
2015-12-11,601899,14:32:07,1,3.45,118,41041
2015-12-11,601899,14:32:02,1,3.45,57,19678
2015-12-11,601899,14:31:57,2,3.46,306,106208
2015-12-11,601899,14:31:52,1,3.45,8,2760
2015-12-11,601899,14:31:47,1,3.45,958,330510
2015-12-11,601899,14:31:42,2,3.46,245,84783
2015-12-11,601899,14:31:37,1,3.45,8,2760
2015-12-11,601899,14:31:32,1,3.45,46,16201
2015-12-11,601899,14:31:27,1,3.45,415,143188
2015-12-11,601899,14:31:22,1,3.45,212,73471
2015-12-11,601899,14:31:16,1,3.45,379,130768
2015-12-11,601899,14:31:11,1,3.45,72,25171
2015-12-11,601899,14:31:06,1,3.45,14,4830
2015-12-11,601899,14:31:01,1,3.45,16,5520
2015-12-11,601899,14:30:56,2,3.46,36,12456
2015-12-11,601899,14:30:51,1,3.45,79,27268
2015-12-11,601899,14:30:46,1,3.45,20,7231
2015-12-11,601899,14:30:41,1,3.45,277,95578
2015-12-11,601899,14:30:36,1,3.45,28,9991
2015-12-11,601899,14:30:31,1,3.45,43,14848
2015-12-11,601899,14:30:26,1,3.45,2086,720001
2015-12-11,601899,14:30:21,2,3.46,53,18351
2015-12-11,601899,14:30:16,1,3.45,124,42780
2015-12-11,601899,14:30:11,1,3.45,3317,1144544
2015-12-11,601899,14:30:06,1,3.46,300,103800
2015-12-11,601899,14:30:01,1,3.46,10020,3466920
2015-12-11,601899,14:29:56,1,3.46,603,208651
2015-12-11,601899,14:29:51,1,3.46,138,48080
2015-12-11,601899,14:29:46,1,3.46,18,6228
2015-12-11,601899,14:29:41,1,3.46,108,37368
2015-12-11,601899,14:29:36,1,3.46,20,7252
2015-12-11,601899,14:29:31,2,3.47,25,8688
2015-12-11,601899,14:29:26,1,3.46,93,32191
2015-12-11,601899,14:29:21,1,3.46,109,38032
2015-12-11,601899,14:29:16,1,3.46,115,39803
2015-12-11,601899,14:29:11,1,3.46,52,18324
2015-12-11,601899,14:29:06,1,3.46,199,68867
2015-12-11,601899,14:29:01,1,3.46,80,28012
2015-12-11,601899,14:28:56,1,3.46,101,34959
2015-12-11,601899,14:28:51,1,3.46,17,5895
2015-12-11,601899,14:28:46,2,3.47,41,14546
2015-12-11,601899,14:28:41,1,3.46,221,76479
2015-12-11,601899,14:28:36,1,3.46,18,6560
2015-12-11,601899,14:28:31,1,3.46,66,22863
2015-12-11,601899,14:28:26,1,3.46,334,115896
2015-12-11,601899,14:28:21,1,3.46,114,39776
2015-12-11,601899,14:28:16,1,3.46,85,29534
2015-12-11,601899,14:28:11,1,3.46,118,40828
2015-12-11,601899,14:28:06,1,3.46,13,4511
2015-12-11,601899,14:28:01,1,3.46,54,19016
2015-12-11,601899,14:27:56,1,3.46,279,96547
2015-12-11,601899,14:27:51,1,3.46,10,3460
2015-12-11,601899,14:27:46,1,3.46,14,4844
2015-12-11,601899,14:27:41,1,3.46,30,10380
2015-12-11,601899,14:27:36,1,3.46,36,12456
2015-12-11,601899,14:27:31,1,3.46,68,23860
2015-12-11,601899,14:27:26,1,3.46,138,47748
2015-12-11,601899,14:27:21,1,3.46,658,227668
2015-12-11,601899,14:27:16,1,3.46,46,15916
2015-12-11,601899,14:27:11,2,3.47,30,10410
2015-12-11,601899,14:27:06,1,3.46,112,38752
2015-12-11,601899,14:27:01,1,3.46,45,15583
2015-12-11,601899,14:26:56,1,3.46,128,44620
2015-12-11,601899,14:26:51,1,3.46,60,20760
2015-12-11,601899,14:26:46,1,3.46,28,9688
2015-12-11,601899,14:26:40,2,3.47,35,12158
2015-12-11,601899,14:26:35,1,3.46,108,37368
2015-12-11,601899,14:26:30,1,3.46,44,15556
2015-12-11,601899,14:26:25,1,3.46,23,7971
2015-12-11,601899,14:26:20,1,3.46,582,201704
2015-12-11,601899,14:26:15,1,3.46,34,11764
2015-12-11,601899,14:26:10,1,3.46,41,14199
2015-12-11,601899,14:26:05,1,3.46,288,99980
2015-12-11,601899,14:26:00,2,3.47,137,47552
2015-12-11,601899,14:25:55,2,3.47,1106,384115
2015-12-11,601899,14:25:50,2,3.47,35,12158
2015-12-11,601899,14:25:45,1,3.46,46,15916
2015-12-11,601899,14:25:40,1,3.46,88,30780
2015-12-11,601899,14:25:35,1,3.46,125,43263
2015-12-11,601899,14:25:30,2,3.47,172,60017
2015-12-11,601899,14:25:25,1,3.46,8,2768
2015-12-11,601899,14:25:20,1,3.46,23,7971
2015-12-11,601899,14:25:15,1,3.46,206,71276
2015-12-11,601899,14:25:10,2,3.47,160,55520
2015-12-11,601899,14:25:05,2,3.47,8,2776
2015-12-11,601899,14:25:00,1,3.46,12,4484
2015-12-11,601899,14:24:55,1,3.46,420,145320
2015-12-11,601899,14:24:50,1,3.46,76,26296
2015-12-11,601899,14:24:45,2,3.47,350,121450
2015-12-11,601899,14:24:40,1,3.46,14,4844
2015-12-11,601899,14:24:35,1,3.46,39,13673
2015-12-11,601899,14:24:30,1,3.46,44,15556
2015-12-11,601899,14:24:25,1,3.46,240,83040
2015-12-11,601899,14:24:20,1,3.46,341,117999
2015-12-11,601899,14:24:15,1,3.46,368,127660
2015-12-11,601899,14:24:10,2,3.47,236,81892
2015-12-11,601899,14:24:05,1,3.46,407,141001
2015-12-11,601899,14:24:00,1,3.46,773,267471
2015-12-11,601899,14:23:55,1,3.46,140,48772
2015-12-11,601899,14:23:50,1,3.46,370,128075
2015-12-11,601899,14:23:45,1,3.46,250,86500
2015-12-11,601899,14:23:40,1,3.46,14,4844
2015-12-11,601899,14:23:35,2,3.47,54,19071
2015-12-11,601899,14:23:30,2,3.47,11,3830
2015-12-11,601899,14:23:25,1,3.46,30,10712
2015-12-11,601899,14:23:20,2,3.47,39,13546
2015-12-11,601899,14:23:15,1,3.47,1724,598505
2015-12-11,601899,14:23:10,1,3.47,2880,999360
2015-12-11,601899,14:23:05,1,3.47,2593,899784
2015-12-11,601899,14:23:00,1,3.47,2844,986868
2015-12-11,601899,14:22:55,1,3.47,1584,549648
2015-12-11,601899,14:22:50,1,3.47,564,196041
2015-12-11,601899,14:22:45,1,3.47,1398,485106
2015-12-11,601899,14:22:40,1,3.47,692,240124
2015-12-11,601899,14:22:35,1,3.47,510,176970
2015-12-11,601899,14:22:30,2,3.48,107,37249
2015-12-11,601899,14:22:25,1,3.47,40,13880
2015-12-11,601899,14:22:20,1,3.47,102,35727
2015-12-11,601899,14:22:15,1,3.47,235,81558
2015-12-11,601899,14:22:10,1,3.47,1018,353579
2015-12-11,601899,14:22:05,1,3.47,1200,416400
2015-12-11,601899,14:21:59,1,3.47,450,156150
2015-12-11,601899,14:21:54,1,3.47,218,75646
2015-12-11,601899,14:21:49,2,3.48,605,210609
2015-12-11,601899,14:21:44,1,3.47,478,166199
2015-12-11,601899,14:21:39,1,3.47,106,36782
2015-12-11,601899,14:21:34,1,3.47,8202,2846094
2015-12-11,601899,14:21:24,2,3.48,142,49416
2015-12-11,601899,14:21:19,2,3.48,2049,713065
2015-12-11,601899,14:21:14,1,3.47,2438,846319
2015-12-11,601899,14:21:04,1,3.47,1110,385170
2015-12-11,601899,14:20:59,2,3.48,915,318433
2015-12-11,601899,14:20:49,2,3.48,6,2088
2015-12-11,601899,14:20:44,1,3.47,282,98187
2015-12-11,601899,14:20:39,2,3.48,652,226896
2015-12-11,601899,14:20:29,2,3.48,544,189312
2015-12-11,601899,14:20:24,1,3.47,404,140188
2015-12-11,601899,14:20:19,2,3.48,599,208465
2015-12-11,601899,14:20:09,2,3.48,1600,557134
2015-12-11,601899,14:19:59,1,3.47,330,114510
2015-12-11,601899,14:19:54,2,3.48,201,69961
2015-12-11,601899,14:19:49,2,3.48,754,262392
2015-12-11,601899,14:19:44,1,3.47,522,181134
2015-12-11,601899,14:19:39,1,3.47,286,99242
2015-12-11,601899,14:19:34,1,3.47,490,170363
2015-12-11,601899,14:19:29,1,3.47,569,197456
2015-12-11,601899,14:19:24,2,3.48,454,157992
2015-12-11,601899,14:19:19,1,3.47,140,48913
2015-12-11,601899,14:19:14,2,3.48,52,18096
2015-12-11,601899,14:19:09,2,3.48,12,4176
2015-12-11,601899,14:19:04,1,3.47,624,216528
2015-12-11,601899,14:18:59,1,3.47,576,199872
2015-12-11,601899,14:18:54,2,3.48,296,103008
2015-12-11,601899,14:18:49,1,3.47,458,158926
2015-12-11,601899,14:18:44,2,3.48,243,84577
2015-12-11,601899,14:18:39,2,3.48,548,191038
2015-12-11,601899,14:18:34,2,3.48,766,266568
2015-12-11,601899,14:18:29,2,3.48,262,91176
2015-12-11,601899,14:18:24,2,3.48,486,169128
2015-12-11,601899,14:18:19,2,3.48,1,361
2015-12-11,601899,14:18:14,1,3.47,244,84668
2015-12-11,601899,14:18:09,2,3.48,42,14950
2015-12-11,601899,14:18:04,2,3.48,83,28897
2015-12-11,601899,14:17:59,2,3.48,962,335110
2015-12-11,601899,14:17:54,1,3.47,50,17350
2015-12-11,601899,14:17:49,1,3.47,42,14574
2015-12-11,601899,14:17:44,1,3.47,2,860
2015-12-11,601899,14:17:39,2,3.48,35,12193
2015-12-11,601899,14:17:34,1,3.47,352,122144
2015-12-11,601899,14:17:29,2,3.48,1300,452734
2015-12-11,601899,14:17:24,2,3.48,72,25056
2015-12-11,601899,14:17:18,1,3.47,1173,407044
2015-12-11,601899,14:17:13,2,3.48,474,164952
2015-12-11,601899,14:17:08,1,3.47,8280,2873160
2015-12-11,601899,14:17:03,1,3.47,2126,738055
2015-12-11,601899,14:16:58,1,3.47,2113,733224
2015-12-11,601899,14:16:53,1,3.47,224,78061
2015-12-11,601899,14:16:48,2,3.48,2197,764569
2015-12-11,601899,14:16:43,1,3.47,530,184243
2015-12-11,601899,14:16:38,1,3.47,106,36782
2015-12-11,601899,14:16:33,1,3.47,939,325846
2015-12-11,601899,14:16:28,1,3.47,94,32618
2015-12-11,601899,14:16:23,2,3.48,474,165286
2015-12-11,601899,14:16:18,1,3.47,600,208200
2015-12-11,601899,14:16:13,1,3.47,4415,1532018
2015-12-11,601899,14:16:08,1,3.47,382,132554
2015-12-11,601899,14:16:03,1,3.47,3218,1116646
2015-12-11,601899,14:15:58,2,3.48,156,54622
2015-12-11,601899,14:15:53,2,3.48,1619,563425
2015-12-11,601899,14:15:48,2,3.48,1060,368880
2015-12-11,601899,14:15:43,2,3.48,558,194184
2015-12-11,601899,14:15:38,1,3.48,2080,724090
2015-12-11,601899,14:15:33,1,3.48,590,205320
2015-12-11,601899,14:15:28,1,3.48,718,249864
2015-12-11,601899,14:15:23,2,3.49,1034,360866
2015-12-11,601899,14:15:18,2,3.49,1136,396799
2015-12-11,601899,14:15:13,2,3.49,1040,362960
2015-12-11,601899,14:15:08,1,3.48,741,257881
2015-12-11,601899,14:15:03,1,3.48,1254,436726
2015-12-11,601899,14:14:58,1,3.48,449,156265
2015-12-11,601899,14:14:53,2,3.49,2688,938112
2015-12-11,601899,14:14:48,1,3.48,550,191400
2015-12-11,601899,14:14:43,1,3.48,231,80401
2015-12-11,601899,14:14:38,2,3.48,3018,1050347
2015-12-11,601899,14:14:33,1,3.47,10066,3492902
2015-12-11,601899,14:14:28,2,3.48,122,42456
2015-12-11,601899,14:14:23,1,3.47,10612,3682364
2015-12-11,601899,14:14:18,1,3.47,562,195014
2015-12-11,601899,14:14:13,2,3.47,1242,430974
2015-12-11,601899,14:14:08,2,3.47,6816,2365485
2015-12-11,601899,14:14:03,1,3.46,147,50875
2015-12-11,601899,14:13:58,1,3.46,1332,461204
2015-12-11,601899,14:13:53,1,3.46,604,208984
2015-12-11,601899,14:13:48,2,3.47,1042,361574
2015-12-11,601899,14:13:43,2,3.47,74,25678
2015-12-11,601899,14:13:38,2,3.47,405,140548
2015-12-11,601899,14:13:33,1,3.46,334,115896
2015-12-11,601899,14:13:28,2,3.47,619,214806
2015-12-11,601899,14:13:23,2,3.47,3772,1309217
2015-12-11,601899,14:13:18,2,3.47,681,236320
2015-12-11,601899,14:13:13,2,3.47,796,276212
2015-12-11,601899,14:13:08,1,3.46,1798,622108
2015-12-11,601899,14:13:03,2,3.47,244,85001
2015-12-11,601899,14:12:58,2,3.47,752,260944
2015-12-11,601899,14:12:53,2,3.47,398,138106
2015-12-11,601899,14:12:48,2,3.47,3233,1121864
2015-12-11,601899,14:12:43,1,3.46,3194,1105124
2015-12-11,601899,14:12:37,1,3.46,18,6560
2015-12-11,601899,14:12:32,1,3.46,180,62280
2015-12-11,601899,14:12:27,2,3.47,1000,347000
2015-12-11,601899,14:12:22,1,3.46,1067,369195
2015-12-11,601899,14:12:17,2,3.46,548,189608
2015-12-11,601899,14:12:12,2,3.46,54,18684
2015-12-11,601899,14:12:07,1,3.45,294,101430
2015-12-11,601899,14:12:02,2,3.46,172,59512
2015-12-11,601899,14:11:57,1,3.45,1600,552000
2015-12-11,601899,14:11:52,2,3.46,218,75428
2015-12-11,601899,14:11:47,1,3.45,538,185610
2015-12-11,601899,14:11:42,2,3.46,14,5176
2015-12-11,601899,14:11:37,2,3.46,239,82707
2015-12-11,601899,14:11:32,1,3.45,112,38640
2015-12-11,601899,14:11:27,2,3.46,12,4484
2015-12-11,601899,14:11:22,2,3.46,288,99648
2015-12-11,601899,14:11:17,2,3.46,129,44647
2015-12-11,601899,14:11:12,1,3.45,214,74161
2015-12-11,601899,14:11:07,2,3.46,170,58820
2015-12-11,601899,14:11:02,1,3.45,10,3450
2015-12-11,601899,14:10:57,2,3.46,454,157084
2015-12-11,601899,14:10:52,2,3.46,60,20760
2015-12-11,601899,14:10:47,1,3.45,41,14158
2015-12-11,601899,14:10:42,2,3.46,182,62972
2015-12-11,601899,14:10:37,2,3.46,330,114346
2015-12-11,601899,14:10:32,2,3.46,221,76479
2015-12-11,601899,14:10:27,2,3.46,116,40136
2015-12-11,601899,14:10:22,2,3.46,50,17300
2015-12-11,601899,14:10:17,2,3.46,24,8636
2015-12-11,601899,14:10:12,2,3.46,277,95855
2015-12-11,601899,14:10:07,2,3.46,286,98956
2015-12-11,601899,14:10:02,2,3.46,48,16608
2015-12-11,601899,14:09:57,2,3.46,304,105184
2015-12-11,601899,14:09:52,2,3.46,84,29064
2015-12-11,601899,14:09:47,2,3.46,114,39444
2015-12-11,601899,14:09:42,1,3.46,348,120408
2015-12-11,601899,14:09:37,1,3.46,92,32164
2015-12-11,601899,14:09:32,2,3.46,867,299995
2015-12-11,601899,14:09:27,2,3.46,26,9328
2015-12-11,601899,14:09:22,2,3.46,104,35984
2015-12-11,601899,14:09:17,1,3.46,521,180279
2015-12-11,601899,14:09:12,1,3.46,776,268828
2015-12-11,601899,14:09:07,2,3.47,3912,1357464
2015-12-11,601899,14:09:02,1,3.46,697,241175
2015-12-11,601899,14:08:57,1,3.46,280,97212
2015-12-11,601899,14:08:52,1,3.46,86,29756
2015-12-11,601899,14:08:47,1,3.46,113,39111
2015-12-11,601899,14:08:42,2,3.47,242,83974
2015-12-11,601899,14:08:37,1,3.46,98,33908
2015-12-11,601899,14:08:32,1,3.46,958,331468
2015-12-11,601899,14:08:27,2,3.47,292,101657
2015-12-11,601899,14:08:22,1,3.46,99,34267
2015-12-11,601899,14:08:17,1,3.46,128,44620
2015-12-11,601899,14:08:12,2,3.47,106,36782
2015-12-11,601899,14:08:07,2,3.47,219,76006
2015-12-11,601899,14:08:01,1,3.46,174,60204
2015-12-11,601899,14:07:56,2,3.47,137,47872
2015-12-11,601899,14:07:51,1,3.46,245,84770
2015-12-11,601899,14:07:46,2,3.47,70,24290
2015-12-11,601899,14:07:41,2,3.47,126,43722
2015-12-11,601899,14:07:36,1,3.46,148,51208
2015-12-11,601899,14:07:31,1,3.46,140,48440
2015-12-11,601899,14:07:26,1,3.46,316,109336
2015-12-11,601899,14:07:21,2,3.47,337,116939
2015-12-11,601899,14:07:16,1,3.46,10,3460
2015-12-11,601899,14:07:11,2,3.47,316,109652
2015-12-11,601899,14:07:06,1,3.46,116,40136
2015-12-11,601899,14:06:56,2,3.47,207,71829
2015-12-11,601899,14:06:51,2,3.47,91,31577
2015-12-11,601899,14:06:46,2,3.47,759,263373
2015-12-11,601899,14:06:36,2,3.47,285,98895
2015-12-11,601899,14:06:26,2,3.47,370,128390
2015-12-11,601899,14:06:21,1,3.46,209,72314
2015-12-11,601899,14:06:16,1,3.46,463,160198
2015-12-11,601899,14:06:06,2,3.47,160,55520
2015-12-11,601899,14:06:01,2,3.47,233,80851
2015-12-11,601899,14:05:56,1,3.46,29,10034
2015-12-11,601899,14:05:51,2,3.47,345,119715
2015-12-11,601899,14:05:46,1,3.46,17,5882
2015-12-11,601899,14:05:41,2,3.47,74,25678
2015-12-11,601899,14:05:36,2,3.47,97,33659
2015-12-11,601899,14:05:31,2,3.47,495,171765
2015-12-11,601899,14:05:26,2,3.47,866,300502
2015-12-11,601899,14:05:16,1,3.46,570,197220
2015-12-11,601899,14:05:11,2,3.47,416,144629
2015-12-11,601899,14:05:06,1,3.46,688,238048
2015-12-11,601899,14:05:01,2,3.47,3510,1217970
2015-12-11,601899,14:04:51,1,3.46,162,56052
2015-12-11,601899,14:04:46,2,3.47,2003,695041
2015-12-11,601899,14:04:41,1,3.46,408,141168
2015-12-11,601899,14:04:36,2,3.47,254,88138
2015-12-11,601899,14:04:31,1,3.46,297,102762
2015-12-11,601899,14:04:26,1,3.46,432,149472
2015-12-11,601899,14:04:21,2,3.47,1272,441384
2015-12-11,601899,14:04:16,1,3.46,1673,578858
2015-12-11,601899,14:04:11,1,3.46,1615,558790
2015-12-11,601899,14:04:06,2,3.47,786,272742
2015-12-11,601899,14:04:01,2,3.47,679,235613
2015-12-11,601899,14:03:56,2,3.47,858,297726
2015-12-11,601899,14:03:51,1,3.46,600,207600
2015-12-11,601899,14:03:46,1,3.46,546,188916
2015-12-11,601899,14:03:41,2,3.47,327,113469
2015-12-11,601899,14:03:36,2,3.47,130,45110
2015-12-11,601899,14:03:31,2,3.47,201,69747
2015-12-11,601899,14:03:26,2,3.47,258,89526
2015-12-11,601899,14:03:21,1,3.47,665,230755
2015-12-11,601899,14:03:15,2,3.48,2056,715488
2015-12-11,601899,14:03:10,1,3.47,1291,447977
2015-12-11,601899,14:03:05,2,3.48,6844,2381712
2015-12-11,601899,14:03:00,2,3.48,779,271092
2015-12-11,601899,14:02:55,2,3.48,1349,469452
2015-12-11,601899,14:02:50,2,3.48,587,204276
2015-12-11,601899,14:02:45,2,3.48,970,337560
2015-12-11,601899,14:02:40,2,3.48,1180,410640
2015-12-11,601899,14:02:35,1,3.48,7323,2548404
2015-12-11,601899,14:02:30,2,3.49,2547,888903
2015-12-11,601899,14:02:25,1,3.48,3663,1274724
2015-12-11,601899,14:02:20,1,3.48,3418,1189464
2015-12-11,601899,14:02:15,1,3.48,1833,637884
2015-12-11,601899,14:02:10,2,3.49,1613,562937
2015-12-11,601899,14:02:05,1,3.48,996,346608
2015-12-11,601899,14:02:00,1,3.48,1073,373404
2015-12-11,601899,14:01:55,2,3.48,2780,967440
2015-12-11,601899,14:01:50,2,3.48,3975,1383300
2015-12-11,601899,14:01:45,2,3.48,5209,1812732
2015-12-11,601899,14:01:40,1,3.47,1323,459081
2015-12-11,601899,14:01:35,1,3.47,1036,359492
2015-12-11,601899,14:01:30,2,3.47,6951,2411997
2015-12-11,601899,14:01:25,2,3.47,1487,515989
2015-12-11,601899,14:01:20,2,3.47,1333,462551
2015-12-11,601899,14:01:15,2,3.47,171,59337
2015-12-11,601899,14:01:10,2,3.47,10071,3494706
2015-12-11,601899,14:01:05,2,3.46,1425,493050
2015-12-11,601899,14:01:00,2,3.46,1331,460526
2015-12-11,601899,14:00:55,2,3.46,73,25258
2015-12-11,601899,14:00:50,2,3.46,428,148088
2015-12-11,601899,14:00:45,2,3.45,11653,4020436
2015-12-11,601899,14:00:40,2,3.45,141,48645
2015-12-11,601899,14:00:35,2,3.45,2864,988080
2015-12-11,601899,14:00:30,2,3.44,2504,861376
2015-12-11,601899,14:00:25,1,3.43,10662,3657066
2015-12-11,601899,14:00:20,2,3.44,328,112832
2015-12-11,601899,14:00:15,2,3.43,2648,908264
2015-12-11,601899,14:00:10,2,3.43,265,90895
2015-12-11,601899,14:00:05,2,3.43,1304,447272
2015-12-11,601899,14:00:00,2,3.43,3238,1110634
2015-12-11,601899,13:59:55,1,3.42,416,142272
2015-12-11,601899,13:59:50,1,3.42,616,210672
2015-12-11,601899,13:59:45,1,3.42,460,157320
2015-12-11,601899,13:59:40,2,3.43,79,27097
2015-12-11,601899,13:59:35,1,3.42,166,56772
2015-12-11,601899,13:59:30,1,3.42,28,9576
2015-12-11,601899,13:59:25,2,3.43,141,48363
2015-12-11,601899,13:59:20,2,3.43,47,16121
2015-12-11,601899,13:59:15,1,3.42,100,34200
2015-12-11,601899,13:59:10,1,3.42,15,5130
2015-12-11,601899,13:59:05,1,3.42,128,43776
2015-12-11,601899,13:59:00,2,3.43,6,2058
2015-12-11,601899,13:58:55,1,3.42,271,92682
2015-12-11,601899,13:58:50,1,3.42,137,46854
2015-12-11,601899,13:58:45,1,3.42,13,4446
2015-12-11,601899,13:58:40,2,3.43,71,24353
2015-12-11,601899,13:58:34,2,3.43,114,39102
2015-12-11,601899,13:58:29,1,3.42,136,46512
2015-12-11,601899,13:58:24,1,3.42,126,43269
2015-12-11,601899,13:58:19,1,3.42,194,66348
2015-12-11,601899,13:58:14,1,3.42,11,3762
2015-12-11,601899,13:58:09,1,3.42,59,20178
2015-12-11,601899,13:58:04,2,3.43,2,686
2015-12-11,601899,13:57:59,1,3.42,70,23940
2015-12-11,601899,13:57:54,1,3.42,35,11970
2015-12-11,601899,13:57:49,1,3.42,136,46512
2015-12-11,601899,13:57:44,2,3.43,9,3087
2015-12-11,601899,13:57:39,1,3.42,231,79002
2015-12-11,601899,13:57:34,2,3.43,7,2401
2015-12-11,601899,13:57:29,1,3.42,177,60534
2015-12-11,601899,13:57:24,2,3.43,147,50421
2015-12-11,601899,13:57:19,2,3.43,21,7203
2015-12-11,601899,13:57:14,2,3.43,200,68600
2015-12-11,601899,13:57:09,1,3.42,22,7524
2015-12-11,601899,13:57:04,2,3.43,11,3773
2015-12-11,601899,13:56:59,1,3.42,1108,378936
2015-12-11,601899,13:56:54,2,3.43,26,8918
2015-12-11,601899,13:56:49,1,3.42,20,6840
2015-12-11,601899,13:56:44,2,3.43,68,23324
2015-12-11,601899,13:56:39,1,3.42,65,22230
2015-12-11,601899,13:56:34,1,3.42,12,4104
2015-12-11,601899,13:56:29,1,3.42,81,27702
2015-12-11,601899,13:56:24,1,3.42,277,94734
2015-12-11,601899,13:56:19,1,3.42,76,25992
2015-12-11,601899,13:56:14,2,3.43,42,14406
2015-12-11,601899,13:56:09,1,3.42,349,119358
2015-12-11,601899,13:56:04,1,3.42,98,33516
2015-12-11,601899,13:55:59,2,3.43,77,26411
2015-12-11,601899,13:55:54,1,3.42,175,59850
2015-12-11,601899,13:55:49,1,3.42,241,82422
2015-12-11,601899,13:55:44,1,3.42,252,86184
2015-12-11,601899,13:55:39,1,3.42,280,95760
2015-12-11,601899,13:55:34,1,3.42,527,180234
2015-12-11,601899,13:55:32,1,3.42,51,17442
2015-12-11,601899,13:55:27,1,3.42,1046,357732
2015-12-11,601899,13:55:17,1,3.42,277,94734
2015-12-11,601899,13:55:12,1,3.42,161,55062
2015-12-11,601899,13:55:07,1,3.42,872,298224
2015-12-11,601899,13:54:57,1,3.42,562,192204
2015-12-11,601899,13:54:52,1,3.42,21,7182
2015-12-11,601899,13:54:47,2,3.43,725,248675
2015-12-11,601899,13:54:42,1,3.42,75,25650
2015-12-11,601899,13:54:32,1,3.42,677,231534
2015-12-11,601899,13:54:22,1,3.42,211,72162
2015-12-11,601899,13:54:17,1,3.42,524,179208
2015-12-11,601899,13:54:12,1,3.42,352,120384
2015-12-11,601899,13:54:07,1,3.42,107,36594
2015-12-11,601899,13:54:02,1,3.42,23,7866
2015-12-11,601899,13:53:57,2,3.43,22,7546
2015-12-11,601899,13:53:52,1,3.42,184,62928
2015-12-11,601899,13:53:47,1,3.42,4,1368
2015-12-11,601899,13:53:42,1,3.42,19,6498
2015-12-11,601899,13:53:36,2,3.43,10,3430
2015-12-11,601899,13:53:31,1,3.42,147,50274
2015-12-11,601899,13:53:26,2,3.43,84,28812
2015-12-11,601899,13:53:21,2,3.43,96,32928
2015-12-11,601899,13:53:16,1,3.42,68,23256
2015-12-11,601899,13:53:11,2,3.43,20,6860
2015-12-11,601899,13:53:06,2,3.43,102,34986
2015-12-11,601899,13:53:01,1,3.42,221,75582
2015-12-11,601899,13:52:56,2,3.43,21,7203
2015-12-11,601899,13:52:51,2,3.43,4,1372
2015-12-11,601899,13:52:46,2,3.43,426,146118
2015-12-11,601899,13:52:41,2,3.43,1083,371469
2015-12-11,601899,13:52:36,2,3.43,116,39788
2015-12-11,601899,13:52:31,1,3.42,44,15048
2015-12-11,601899,13:52:26,1,3.42,146,49932
2015-12-11,601899,13:52:21,2,3.43,194,66542
2015-12-11,601899,13:52:16,2,3.43,15,5145
2015-12-11,601899,13:52:11,2,3.43,204,69972
2015-12-11,601899,13:52:01,1,3.42,18,6156
2015-12-11,601899,13:51:53,2,3.43,23,7889
2015-12-11,601899,13:51:48,2,3.43,224,76832
2015-12-11,601899,13:51:43,2,3.43,1,343
2015-12-11,601899,13:51:38,2,3.43,393,134799
2015-12-11,601899,13:51:33,2,3.43,1,343
2015-12-11,601899,13:51:28,1,3.42,335,114570
2015-12-11,601899,13:51:23,2,3.43,157,53851
2015-12-11,601899,13:51:13,2,3.43,61,20923
2015-12-11,601899,13:51:08,2,3.43,185,63455
2015-12-11,601899,13:50:58,1,3.42,68,23256
2015-12-11,601899,13:50:53,2,3.43,176,60464
2015-12-11,601899,13:50:38,2,3.43,69,23667
2015-12-11,601899,13:50:28,2,3.43,30,10290
2015-12-11,601899,13:50:23,2,3.43,161,55223
2015-12-11,601899,13:50:18,1,3.42,41,14022
2015-12-11,601899,13:50:08,2,3.43,179,61397
2015-12-11,601899,13:49:58,1,3.42,353,120726
2015-12-11,601899,13:49:48,1,3.42,415,141930
2015-12-11,601899,13:49:43,2,3.43,117,40131
2015-12-11,601899,13:49:38,1,3.42,123,42066
2015-12-11,601899,13:49:28,1,3.42,325,111150
2015-12-11,601899,13:49:18,2,3.43,21,7203
2015-12-11,601899,13:49:13,2,3.43,239,81977
2015-12-11,601899,13:49:07,2,3.43,351,120393
2015-12-11,601899,13:49:02,2,3.43,80,27440
2015-12-11,601899,13:48:57,1,3.42,10,3420
2015-12-11,601899,13:48:52,2,3.43,70,24010
2015-12-11,601899,13:48:47,2,3.43,101,34643
2015-12-11,601899,13:48:42,2,3.43,118,40474
2015-12-11,601899,13:48:37,1,3.42,6,2052
2015-12-11,601899,13:48:32,1,3.42,21,7182
2015-12-11,601899,13:48:27,2,3.43,105,36015
2015-12-11,601899,13:48:22,2,3.43,356,122108
2015-12-11,601899,13:48:17,2,3.43,296,101528
2015-12-11,601899,13:48:12,2,3.43,22,7546
2015-12-11,601899,13:48:07,1,3.42,355,121410
2015-12-11,601899,13:48:02,2,3.43,23,7889
2015-12-11,601899,13:47:57,2,3.43,104,35672
2015-12-11,601899,13:47:52,1,3.42,51,17442
2015-12-11,601899,13:47:47,2,3.43,46,15778
2015-12-11,601899,13:47:42,1,3.42,16,5472
2015-12-11,601899,13:47:37,2,3.43,11,3773
2015-12-11,601899,13:47:32,2,3.43,452,155036
2015-12-11,601899,13:47:27,2,3.43,176,60368
2015-12-11,601899,13:47:22,1,3.42,141,48222
2015-12-11,601899,13:47:17,2,3.43,149,51107
2015-12-11,601899,13:47:12,2,3.43,13,4459
2015-12-11,601899,13:47:07,2,3.43,145,49735
2015-12-11,601899,13:47:02,2,3.43,258,88494
2015-12-11,601899,13:46:57,2,3.43,112,38416
2015-12-11,601899,13:46:52,1,3.42,30,10260
2015-12-11,601899,13:46:47,2,3.43,117,40131
2015-12-11,601899,13:46:42,2,3.43,164,56252
2015-12-11,601899,13:46:37,2,3.43,150,51450
2015-12-11,601899,13:46:32,2,3.43,480,164640
2015-12-11,601899,13:46:27,2,3.43,199,68257
2015-12-11,601899,13:46:22,2,3.43,2047,702121
2015-12-11,601899,13:46:17,2,3.43,34,11662
2015-12-11,601899,13:46:12,2,3.43,331,113533
2015-12-11,601899,13:46:07,1,3.42,115,39330
2015-12-11,601899,13:46:02,2,3.43,61,20923
2015-12-11,601899,13:45:57,1,3.42,31,10602
2015-12-11,601899,13:45:52,2,3.43,13,4459
2015-12-11,601899,13:45:47,1,3.42,100,34200
2015-12-11,601899,13:45:42,1,3.42,17,5814
2015-12-11,601899,13:45:37,2,3.43,47,16121
2015-12-11,601899,13:45:32,2,3.43,34,11662
2015-12-11,601899,13:45:27,1,3.42,129,44118
2015-12-11,601899,13:45:22,2,3.43,612,209916
2015-12-11,601899,13:45:17,2,3.43,83,28469
2015-12-11,601899,13:45:12,1,3.42,486,166212
2015-12-11,601899,13:45:07,2,3.43,1525,523075
2015-12-11,601899,13:45:02,2,3.43,1880,644840
2015-12-11,601899,13:44:57,2,3.43,279,95697
2015-12-11,601899,13:44:52,2,3.43,169,57967
2015-12-11,601899,13:44:47,2,3.43,520,178360
2015-12-11,601899,13:44:42,2,3.43,916,314188
2015-12-11,601899,13:44:37,2,3.43,552,189336
2015-12-11,601899,13:44:32,2,3.43,406,139258
2015-12-11,601899,13:44:27,2,3.43,918,314874
2015-12-11,601899,13:44:22,2,3.43,1229,421547
2015-12-11,601899,13:44:16,2,3.43,220,75460
2015-12-11,601899,13:44:11,2,3.43,1368,469224
2015-12-11,601899,13:44:06,2,3.43,391,134113
2015-12-11,601899,13:44:01,2,3.43,1208,414344
2015-12-11,601899,13:43:56,2,3.43,2210,758030
2015-12-11,601899,13:43:51,2,3.43,953,326879
2015-12-11,601899,13:43:46,2,3.43,3203,1098629
2015-12-11,601899,13:43:41,2,3.43,6066,2080638
2015-12-11,601899,13:43:36,2,3.43,203,69629
2015-12-11,601899,13:43:31,2,3.43,116,39788
2015-12-11,601899,13:43:26,2,3.43,137,46991
2015-12-11,601899,13:43:21,1,3.42,2287,782154
2015-12-11,601899,13:43:16,2,3.42,2417,826737
2015-12-11,601899,13:43:11,2,3.42,6779,2318418
2015-12-11,601899,13:43:06,2,3.42,2310,790020
2015-12-11,601899,13:43:01,2,3.42,652,222984
2015-12-11,601899,13:42:56,2,3.42,7533,2576286
2015-12-11,601899,13:42:51,2,3.42,306,104652
2015-12-11,601899,13:42:46,2,3.42,130,44460
2015-12-11,601899,13:42:41,1,3.41,81,27621
2015-12-11,601899,13:42:36,2,3.42,15,5130
2015-12-11,601899,13:42:31,1,3.41,13,4433
2015-12-11,601899,13:42:26,2,3.42,245,83790
2015-12-11,601899,13:42:21,1,3.41,152,51832
2015-12-11,601899,13:42:16,2,3.41,361,123101
2015-12-11,601899,13:42:11,2,3.41,142,48422
2015-12-11,601899,13:42:06,2,3.41,6050,2063050
2015-12-11,601899,13:42:01,2,3.41,2125,724625
2015-12-11,601899,13:41:56,2,3.41,20,6820
2015-12-11,601899,13:41:51,2,3.41,32,10912
2015-12-11,601899,13:41:46,1,3.4,46,15640
2015-12-11,601899,13:41:36,2,3.41,41,13981
2015-12-11,601899,13:41:31,2,3.41,16,5456
2015-12-11,601899,13:41:26,1,3.4,91,30940
2015-12-11,601899,13:41:21,1,3.4,173,58820
2015-12-11,601899,13:41:16,2,3.41,5,1705
2015-12-11,601899,13:41:06,2,3.41,272,92752
2015-12-11,601899,13:41:01,2,3.41,31,10571
2015-12-11,601899,13:40:56,2,3.41,121,41261
2015-12-11,601899,13:40:51,1,3.4,3,1020
2015-12-11,601899,13:40:46,2,3.41,50,17050
2015-12-11,601899,13:40:41,2,3.41,120,40920
2015-12-11,601899,13:40:36,1,3.4,647,219980
2015-12-11,601899,13:40:31,2,3.41,28,9548
2015-12-11,601899,13:40:26,2,3.41,78,26598
2015-12-11,601899,13:40:21,1,3.4,57,19556
2015-12-11,601899,13:40:16,1,3.4,191,64940
2015-12-11,601899,13:40:11,2,3.41,239,81499
2015-12-11,601899,13:40:06,2,3.41,435,148335
2015-12-11,601899,13:39:56,2,3.41,2,682
2015-12-11,601899,13:39:51,1,3.41,110,37510
2015-12-11,601899,13:39:46,1,3.41,119,40579
2015-12-11,601899,13:39:41,1,3.41,25,8525
2015-12-11,601899,13:39:36,1,3.41,52,17732
2015-12-11,601899,13:39:25,2,3.41,165,56374
2015-12-11,601899,13:39:20,2,3.41,919,313379
2015-12-11,601899,13:39:15,2,3.41,169,57629
2015-12-11,601899,13:39:10,1,3.4,43,14620
2015-12-11,601899,13:39:05,2,3.41,74,25234
2015-12-11,601899,13:39:00,2,3.41,11,3751
2015-12-11,601899,13:38:55,2,3.41,3,1023
2015-12-11,601899,13:38:50,1,3.4,1,340
2015-12-11,601899,13:38:45,1,3.4,108,36720
2015-12-11,601899,13:38:40,2,3.41,1130,385330
2015-12-11,601899,13:38:35,2,3.41,1,341
2015-12-11,601899,13:38:30,1,3.4,119,40460
2015-12-11,601899,13:38:25,2,3.41,10,3410
2015-12-11,601899,13:38:20,2,3.41,42,14322
2015-12-11,601899,13:38:15,1,3.41,170,58201
2015-12-11,601899,13:38:10,1,3.41,120,40920
2015-12-11,601899,13:38:05,1,3.41,1429,487289
2015-12-11,601899,13:38:00,1,3.41,29,9889
2015-12-11,601899,13:37:55,2,3.42,298,101916
2015-12-11,601899,13:37:50,2,3.42,266,90972
2015-12-11,601899,13:37:45,1,3.41,3660,1248060
2015-12-11,601899,13:37:40,1,3.41,54,18414
2015-12-11,601899,13:37:35,1,3.41,22,7502
2015-12-11,601899,13:37:30,1,3.41,7,2387
2015-12-11,601899,13:37:20,1,3.41,6,2046
2015-12-11,601899,13:37:10,1,3.41,100,34100
2015-12-11,601899,13:37:05,1,3.41,100,34100
2015-12-11,601899,13:37:00,1,3.41,267,91047
2015-12-11,601899,13:36:55,1,3.41,77,26257
2015-12-11,601899,13:36:50,1,3.41,27,9207
2015-12-11,601899,13:36:45,1,3.41,78,26598
2015-12-11,601899,13:36:40,1,3.41,112,38192
2015-12-11,601899,13:36:35,1,3.41,443,151063
2015-12-11,601899,13:36:25,1,3.41,83,28303
2015-12-11,601899,13:36:20,2,3.42,363,124146
2015-12-11,601899,13:36:10,1,3.41,22,7502
2015-12-11,601899,13:36:05,1,3.41,42,14322
2015-12-11,601899,13:36:00,1,3.41,41,13981
2015-12-11,601899,13:35:50,2,3.42,2,684
2015-12-11,601899,13:35:45,2,3.42,92,31464
2015-12-11,601899,13:35:35,2,3.42,11,3762
2015-12-11,601899,13:35:30,1,3.41,102,34782
2015-12-11,601899,13:35:20,2,3.42,7,2394
2015-12-11,601899,13:35:15,1,3.41,475,161975
2015-12-11,601899,13:35:10,2,3.42,37,12654
2015-12-11,601899,13:35:05,2,3.42,32,10944
2015-12-11,601899,13:35:00,2,3.42,50,17100
2015-12-11,601899,13:34:55,2,3.42,10,3420
2015-12-11,601899,13:34:44,2,3.42,30,10260
2015-12-11,601899,13:34:39,1,3.41,754,257114
2015-12-11,601899,13:34:29,2,3.42,29,9918
2015-12-11,601899,13:34:24,2,3.42,100,34200
2015-12-11,601899,13:34:14,2,3.42,3,1026
2015-12-11,601899,13:34:09,2,3.42,110,37620
2015-12-11,601899,13:33:59,2,3.42,138,47196
2015-12-11,601899,13:33:49,2,3.42,9,3078
2015-12-11,601899,13:33:44,1,3.41,1,341
2015-12-11,601899,13:33:39,2,3.42,112,38304
2015-12-11,601899,13:33:29,2,3.42,8,2736
2015-12-11,601899,13:33:24,1,3.41,34,11594
2015-12-11,601899,13:33:19,2,3.42,17,5814
2015-12-11,601899,13:33:14,1,3.41,32,10912
2015-12-11,601899,13:33:09,1,3.41,63,21483
2015-12-11,601899,13:32:59,1,3.41,34,11594
2015-12-11,601899,13:32:54,1,3.41,115,39215
2015-12-11,601899,13:32:49,2,3.42,10,3420
2015-12-11,601899,13:32:39,1,3.41,60,20460
2015-12-11,601899,13:32:34,1,3.41,25,8525
2015-12-11,601899,13:32:29,2,3.42,65,22230
2015-12-11,601899,13:32:19,2,3.42,43,14706
2015-12-11,601899,13:32:14,1,3.41,65,22165
2015-12-11,601899,13:32:09,1,3.41,44,15004
2015-12-11,601899,13:32:04,1,3.41,19,6479
2015-12-11,601899,13:31:59,2,3.42,100,34200
2015-12-11,601899,13:31:54,2,3.42,42,14364
2015-12-11,601899,13:31:49,1,3.41,126,42966
2015-12-11,601899,13:31:39,1,3.41,2495,850795
2015-12-11,601899,13:31:34,1,3.41,7,2387
2015-12-11,601899,13:31:29,1,3.41,25,8525
2015-12-11,601899,13:31:24,1,3.41,150,51150
2015-12-11,601899,13:31:19,1,3.41,28,9548
2015-12-11,601899,13:31:14,2,3.42,4,1368
2015-12-11,601899,13:31:09,1,3.41,66,22506
2015-12-11,601899,13:31:04,1,3.41,32,10912
2015-12-11,601899,13:30:59,1,3.41,67,22847
2015-12-11,601899,13:30:54,2,3.42,9,3078
2015-12-11,601899,13:30:49,2,3.42,1,342
2015-12-11,601899,13:30:44,1,3.41,58,19778
2015-12-11,601899,13:30:39,1,3.41,33,11253
2015-12-11,601899,13:30:34,2,3.42,70,23940
2015-12-11,601899,13:30:29,2,3.42,3,1026
2015-12-11,601899,13:30:24,2,3.42,2,684
2015-12-11,601899,13:30:19,1,3.41,100,34100
2015-12-11,601899,13:30:14,1,3.41,7,2387
2015-12-11,601899,13:30:09,1,3.41,9,3069
2015-12-11,601899,13:30:04,2,3.42,130,44460
2015-12-11,601899,13:29:58,2,3.42,151,51642
2015-12-11,601899,13:29:53,2,3.42,1,342
2015-12-11,601899,13:29:48,2,3.42,2,684
2015-12-11,601899,13:29:43,2,3.42,11,3762
2015-12-11,601899,13:29:38,1,3.41,21,7161
2015-12-11,601899,13:29:33,1,3.41,28,9548
2015-12-11,601899,13:29:28,2,3.42,53,18126
2015-12-11,601899,13:29:23,2,3.42,132,45144
2015-12-11,601899,13:29:18,2,3.42,156,53352
2015-12-11,601899,13:29:13,1,3.41,323,110143
2015-12-11,601899,13:29:08,2,3.42,241,82422
2015-12-11,601899,13:29:03,2,3.42,190,64980
2015-12-11,601899,13:28:58,1,3.41,120,40920
2015-12-11,601899,13:28:48,2,3.42,36,12312
2015-12-11,601899,13:28:43,1,3.41,2,682
2015-12-11,601899,13:28:38,2,3.42,20,6840
2015-12-11,601899,13:28:33,2,3.42,15,5130
2015-12-11,601899,13:28:28,2,3.42,541,185022
2015-12-11,601899,13:28:23,2,3.42,21,7182
2015-12-11,601899,13:28:18,1,3.41,24,8184
2015-12-11,601899,13:28:13,1,3.41,54,18414
2015-12-11,601899,13:28:08,1,3.41,8,2728
2015-12-11,601899,13:28:03,2,3.42,129,44118
2015-12-11,601899,13:27:58,1,3.41,394,134354
2015-12-11,601899,13:27:53,1,3.41,30,10230
2015-12-11,601899,13:27:48,2,3.42,1,342
2015-12-11,601899,13:27:43,2,3.42,46,15732
2015-12-11,601899,13:27:38,1,3.41,105,35805
2015-12-11,601899,13:27:33,2,3.42,168,57456
2015-12-11,601899,13:27:28,2,3.42,38,12996
2015-12-11,601899,13:27:23,1,3.41,34,11594
2015-12-11,601899,13:27:18,2,3.42,1,342
2015-12-11,601899,13:27:13,2,3.42,253,86526
2015-12-11,601899,13:27:08,1,3.41,164,55924
2015-12-11,601899,13:27:03,2,3.42,216,73872
2015-12-11,601899,13:26:58,2,3.42,385,131670
2015-12-11,601899,13:26:53,2,3.42,213,72846
2015-12-11,601899,13:26:48,2,3.42,430,147060
2015-12-11,601899,13:26:43,2,3.42,84,28728
2015-12-11,601899,13:26:38,1,3.41,28,9548
2015-12-11,601899,13:26:33,2,3.42,167,57114
2015-12-11,601899,13:26:28,2,3.42,157,53694
2015-12-11,601899,13:26:23,2,3.42,384,131328
2015-12-11,601899,13:26:18,1,3.41,72,24552
2015-12-11,601899,13:26:13,2,3.42,169,57798
2015-12-11,601899,13:26:08,1,3.41,16,5456
2015-12-11,601899,13:26:03,2,3.42,2977,1018134
2015-12-11,601899,13:25:58,1,3.41,44,15004
2015-12-11,601899,13:25:53,2,3.41,4657,1588146
2015-12-11,601899,13:25:48,2,3.41,113,38533
2015-12-11,601899,13:25:43,2,3.41,100,34100
2015-12-11,601899,13:25:38,1,3.4,4,1360
2015-12-11,601899,13:25:33,1,3.4,6,2040
2015-12-11,601899,13:25:28,2,3.41,9,3069
2015-12-11,601899,13:25:23,1,3.4,51,17340
2015-12-11,601899,13:25:18,2,3.41,12,4092
2015-12-11,601899,13:25:13,2,3.41,182,62062
2015-12-11,601899,13:25:07,2,3.41,82,27962
2015-12-11,601899,13:25:02,1,3.4,568,193120
2015-12-11,601899,13:24:57,1,3.4,98,33320
2015-12-11,601899,13:24:52,1,3.4,12,4080
2015-12-11,601899,13:24:47,2,3.41,3,1023
2015-12-11,601899,13:24:42,2,3.41,67,22847
2015-12-11,601899,13:24:37,2,3.41,22,7502
2015-12-11,601899,13:24:32,2,3.41,318,108438
2015-12-11,601899,13:24:27,2,3.41,10,3410
2015-12-11,601899,13:24:22,2,3.41,101,34441
2015-12-11,601899,13:24:17,2,3.41,5,1705
2015-12-11,601899,13:24:07,2,3.41,55,18755
2015-12-11,601899,13:24:02,2,3.41,34,11594
2015-12-11,601899,13:23:57,2,3.41,217,73997
2015-12-11,601899,13:23:52,2,3.41,32,10912
2015-12-11,601899,13:23:47,2,3.41,108,36828
2015-12-11,601899,13:23:42,1,3.4,34,11560
2015-12-11,601899,13:23:37,2,3.41,7,2387
2015-12-11,601899,13:23:32,1,3.4,8,2720
2015-12-11,601899,13:23:27,1,3.4,25,8500
2015-12-11,601899,13:23:22,2,3.41,820,279620
2015-12-11,601899,13:23:17,2,3.41,82,27962
2015-12-11,601899,13:23:12,2,3.41,137,46717
2015-12-11,601899,13:23:07,2,3.41,1241,423181
2015-12-11,601899,13:23:02,2,3.41,50,17050
2015-12-11,601899,13:22:57,1,3.4,29,9860
2015-12-11,601899,13:22:52,2,3.41,25,8525
2015-12-11,601899,13:22:47,2,3.41,1407,479787
2015-12-11,601899,13:22:42,2,3.41,50,17050
2015-12-11,601899,13:22:37,2,3.41,70,23870
2015-12-11,601899,13:22:32,1,3.4,113,38420
2015-12-11,601899,13:22:27,1,3.4,11,3740
2015-12-11,601899,13:22:22,2,3.41,56,19096
2015-12-11,601899,13:22:17,1,3.4,22,7480
2015-12-11,601899,13:22:12,1,3.4,94,31960
2015-12-11,601899,13:22:07,2,3.41,169,57629
2015-12-11,601899,13:22:02,1,3.4,75,25500
2015-12-11,601899,13:21:57,2,3.41,46,15686
2015-12-11,601899,13:21:52,1,3.4,107,36380
2015-12-11,601899,13:21:47,2,3.41,42,14322
2015-12-11,601899,13:21:42,2,3.41,233,79453
2015-12-11,601899,13:21:37,2,3.41,169,57629
2015-12-11,601899,13:21:32,2,3.41,394,134354
2015-12-11,601899,13:21:27,2,3.41,270,92070
2015-12-11,601899,13:21:22,2,3.41,269,91729
2015-12-11,601899,13:21:17,2,3.41,489,166749
2015-12-11,601899,13:21:12,2,3.41,300,102300
2015-12-11,601899,13:21:07,2,3.41,564,192324
2015-12-11,601899,13:21:02,2,3.41,1901,648241
2015-12-11,601899,13:20:57,2,3.41,519,176979
2015-12-11,601899,13:20:52,2,3.41,342,116622
2015-12-11,601899,13:20:47,2,3.41,1308,446028
2015-12-11,601899,13:20:42,2,3.41,1067,363847
2015-12-11,601899,13:20:37,2,3.41,696,237336
2015-12-11,601899,13:20:32,1,3.4,1008,342720
2015-12-11,601899,13:20:27,2,3.41,2143,730763
2015-12-11,601899,13:20:21,1,3.4,842,286280
2015-12-11,601899,13:20:11,2,3.41,538,183458
2015-12-11,601899,13:20:01,2,3.41,84,28644
2015-12-11,601899,13:19:56,1,3.4,46,15803
2015-12-11,601899,13:19:46,2,3.4,1134,385736
2015-12-11,601899,13:19:41,2,3.4,2509,853060
2015-12-11,601899,13:19:31,2,3.4,6495,2208300
2015-12-11,601899,13:19:26,2,3.4,2430,826200
2015-12-11,601899,13:19:16,2,3.4,5758,1957720
2015-12-11,601899,13:19:11,2,3.4,365,124100
2015-12-11,601899,13:19:01,1,3.39,720,244080
2015-12-11,601899,13:18:56,1,3.39,64,21696
2015-12-11,601899,13:18:51,1,3.39,982,332898
2015-12-11,601899,13:18:46,1,3.39,917,310863
2015-12-11,601899,13:18:41,2,3.4,85,28900
2015-12-11,601899,13:18:36,1,3.39,5,1695
2015-12-11,601899,13:18:31,2,3.4,6207,2110380
2015-12-11,601899,13:18:26,2,3.4,418,142120
2015-12-11,601899,13:18:21,1,3.39,5,1695
2015-12-11,601899,13:18:16,2,3.4,175,59500
2015-12-11,601899,13:18:11,2,3.4,117,39780
2015-12-11,601899,13:18:01,1,3.39,455,154245
2015-12-11,601899,13:17:56,1,3.39,83,28137
2015-12-11,601899,13:17:51,1,3.39,11,3729
2015-12-11,601899,13:17:46,1,3.39,69,23391
2015-12-11,601899,13:17:41,1,3.39,44,14916
2015-12-11,601899,13:17:36,1,3.39,84,28476
2015-12-11,601899,13:17:31,1,3.39,249,84411
2015-12-11,601899,13:17:26,1,3.39,40,13560
2015-12-11,601899,13:17:21,2,3.4,206,70040
2015-12-11,601899,13:17:16,2,3.4,2,680
2015-12-11,601899,13:17:11,1,3.39,22,7458
2015-12-11,601899,13:17:06,1,3.39,200,67800
2015-12-11,601899,13:17:01,1,3.39,21,7119
2015-12-11,601899,13:16:56,1,3.39,100,33900
2015-12-11,601899,13:16:51,1,3.39,20,6780
2015-12-11,601899,13:16:46,1,3.39,92,31188
2015-12-11,601899,13:16:41,1,3.39,22,7458
2015-12-11,601899,13:16:36,1,3.39,232,78648
2015-12-11,601899,13:16:31,1,3.39,419,142041
2015-12-11,601899,13:16:26,1,3.39,78,26442
2015-12-11,601899,13:16:21,2,3.4,18,6120
2015-12-11,601899,13:16:16,2,3.4,133,45220
2015-12-11,601899,13:16:11,1,3.39,127,43053
2015-12-11,601899,13:16:06,2,3.4,53,18020
2015-12-11,601899,13:16:01,1,3.39,398,134922
2015-12-11,601899,13:15:56,1,3.39,1209,409851
2015-12-11,601899,13:15:51,1,3.39,464,157296
2015-12-11,601899,13:15:46,1,3.39,23,7797
2015-12-11,601899,13:15:41,1,3.39,571,193569
2015-12-11,601899,13:15:35,1,3.39,80,27120
2015-12-11,601899,13:15:30,1,3.39,151,51189
2015-12-11,601899,13:15:25,1,3.39,3,1017
2015-12-11,601899,13:15:20,2,3.4,114,38760
2015-12-11,601899,13:15:15,1,3.39,102,34578
2015-12-11,601899,13:15:10,1,3.39,78,26442
2015-12-11,601899,13:15:05,1,3.39,33,11187
2015-12-11,601899,13:15:00,2,3.4,34,11560
2015-12-11,601899,13:14:55,1,3.39,147,49833
2015-12-11,601899,13:14:50,2,3.4,9,3060
2015-12-11,601899,13:14:45,1,3.39,211,71529
2015-12-11,601899,13:14:40,1,3.39,72,24408
2015-12-11,601899,13:14:35,2,3.4,103,35020
2015-12-11,601899,13:14:30,1,3.39,30,10170
2015-12-11,601899,13:14:25,2,3.4,102,34680
2015-12-11,601899,13:14:20,2,3.4,34,11560
2015-12-11,601899,13:14:15,1,3.39,153,51867
2015-12-11,601899,13:14:10,2,3.4,9,3060
2015-12-11,601899,13:14:05,2,3.4,14,4760
2015-12-11,601899,13:14:00,1,3.39,115,38985
2015-12-11,601899,13:13:55,1,3.39,71,24069
2015-12-11,601899,13:13:50,2,3.4,3,1020
2015-12-11,601899,13:13:45,1,3.39,5,1695
2015-12-11,601899,13:13:40,2,3.4,19,6460
2015-12-11,601899,13:13:35,2,3.4,185,62900
2015-12-11,601899,13:13:30,1,3.39,22,7458
2015-12-11,601899,13:13:25,1,3.39,16,5424
2015-12-11,601899,13:13:20,1,3.39,15,5085
2015-12-11,601899,13:13:15,2,3.4,51,17340
2015-12-11,601899,13:13:10,1,3.39,12,4068
2015-12-11,601899,13:13:05,2,3.4,77,26180
2015-12-11,601899,13:13:00,1,3.39,11,3729
2015-12-11,601899,13:12:55,1,3.39,127,43053
2015-12-11,601899,13:12:50,1,3.39,52,17628
2015-12-11,601899,13:12:40,1,3.39,61,20679
2015-12-11,601899,13:12:30,1,3.39,20,6780
2015-12-11,601899,13:12:25,1,3.39,12,4068
2015-12-11,601899,13:12:20,1,3.39,28,9492
2015-12-11,601899,13:12:15,2,3.4,23,7820
2015-12-11,601899,13:12:10,2,3.4,27,9180
2015-12-11,601899,13:12:05,1,3.39,52,17628
2015-12-11,601899,13:12:00,1,3.39,126,42714
2015-12-11,601899,13:11:55,2,3.4,141,47940
2015-12-11,601899,13:11:50,2,3.4,20,6800
2015-12-11,601899,13:11:45,2,3.4,1,340
2015-12-11,601899,13:11:40,1,3.39,16,5424
2015-12-11,601899,13:11:35,1,3.39,9,3051
2015-12-11,601899,13:11:30,1,3.39,103,34917
2015-12-11,601899,13:11:25,2,3.4,5,1700
2015-12-11,601899,13:11:20,1,3.39,278,94242
2015-12-11,601899,13:11:15,2,3.4,5,1700
2015-12-11,601899,13:11:05,2,3.4,11,3740
2015-12-11,601899,13:10:55,1,3.39,65,22035
2015-12-11,601899,13:10:49,2,3.4,141,47940
2015-12-11,601899,13:10:44,2,3.4,11,3740
2015-12-11,601899,13:10:39,2,3.4,30,10200
2015-12-11,601899,13:10:34,2,3.4,20,6800
2015-12-11,601899,13:10:29,1,3.39,17,5763
2015-12-11,601899,13:10:24,1,3.39,22,7458
2015-12-11,601899,13:10:14,2,3.4,255,86700
2015-12-11,601899,13:10:09,1,3.39,11,3729
2015-12-11,601899,13:10:04,1,3.39,23,7797
2015-12-11,601899,13:09:49,2,3.4,71,24140
2015-12-11,601899,13:09:44,2,3.4,2,680
2015-12-11,601899,13:09:34,2,3.4,310,105400
2015-12-11,601899,13:09:24,1,3.39,35,11865
2015-12-11,601899,13:09:19,1,3.39,191,64749
2015-12-11,601899,13:09:14,1,3.39,1,339
2015-12-11,601899,13:09:09,1,3.39,170,57630
2015-12-11,601899,13:09:04,1,3.39,40,13560
2015-12-11,601899,13:08:59,2,3.4,604,205360
2015-12-11,601899,13:08:54,1,3.39,7,2373
2015-12-11,601899,13:08:49,1,3.39,14,4746
2015-12-11,601899,13:08:44,1,3.39,38,12882
2015-12-11,601899,13:08:39,2,3.4,51,17340
2015-12-11,601899,13:08:34,1,3.39,675,228825
2015-12-11,601899,13:08:29,1,3.39,80,27120
2015-12-11,601899,13:08:24,1,3.39,222,75258
2015-12-11,601899,13:08:19,2,3.4,200,68000
2015-12-11,601899,13:08:14,2,3.4,217,73780
2015-12-11,601899,13:08:09,1,3.39,43,14577
2015-12-11,601899,13:08:04,1,3.39,3,1017
2015-12-11,601899,13:07:59,1,3.39,4,1423
2015-12-11,601899,13:07:54,2,3.4,17,5793
2015-12-11,601899,13:07:39,1,3.39,0,325
2015-12-11,601899,13:07:34,1,3.39,34,11526
2015-12-11,601899,13:07:29,1,3.39,20,6780
2015-12-11,601899,13:07:24,2,3.4,4,1360
2015-12-11,601899,13:07:19,1,3.39,201,68152
2015-12-11,601899,13:07:14,1,3.39,70,23730
2015-12-11,601899,13:07:09,1,3.39,80,27445
2015-12-11,601899,13:07:04,1,3.39,58,19662
2015-12-11,601899,13:06:59,2,3.4,101,34353
2015-12-11,601899,13:06:54,1,3.39,68,23377
2015-12-11,601899,13:06:49,2,3.4,13,4433
2015-12-11,601899,13:06:44,1,3.39,36,12204
2015-12-11,601899,13:06:39,1,3.39,28,9492
2015-12-11,601899,13:06:34,1,3.39,226,76614
2015-12-11,601899,13:06:29,2,3.4,0,326
2015-12-11,601899,13:06:24,1,3.39,208,70512
2015-12-11,601899,13:06:09,1,3.39,29,9844
2015-12-11,601899,13:06:04,1,3.39,4,1681
2015-12-11,601899,13:05:58,1,3.39,92,31188
2015-12-11,601899,13:05:53,2,3.4,1,353
2015-12-11,601899,13:05:48,1,3.39,26,8814
2015-12-11,601899,13:05:38,1,3.39,16,5749
2015-12-11,601899,13:05:33,1,3.39,1,352
2015-12-11,601899,13:05:28,1,3.39,2,1003
2015-12-11,601899,13:05:23,2,3.4,12,4080
2015-12-11,601899,13:05:18,2,3.4,9,3073
2015-12-11,601899,13:05:13,1,3.39,8,2712
2015-12-11,601899,13:05:08,1,3.39,2,1003
2015-12-11,601899,13:05:03,1,3.39,1,352
2015-12-11,601899,13:04:58,1,3.39,306,103734
2015-12-11,601899,13:04:53,1,3.39,134,45426
2015-12-11,601899,13:04:48,2,3.4,60,20726
2015-12-11,601899,13:04:43,2,3.4,335,113913
2015-12-11,601899,13:04:38,1,3.39,48,16597
2015-12-11,601899,13:04:33,2,3.4,10,3400
2015-12-11,601899,13:04:28,2,3.4,20,6800
2015-12-11,601899,13:04:23,1,3.39,8,2712
2015-12-11,601899,13:04:18,2,3.4,302,102680
2015-12-11,601899,13:04:13,1,3.39,14,4746
2015-12-11,601899,13:04:08,1,3.39,7,2386
2015-12-11,601899,13:04:03,1,3.39,38,12882
2015-12-11,601899,13:03:53,1,3.39,12,4393
2015-12-11,601899,13:03:48,2,3.4,30,10200
2015-12-11,601899,13:03:38,1,3.39,104,35256
2015-12-11,601899,13:03:33,1,3.39,8,2712
2015-12-11,601899,13:03:18,2,3.4,599,203673
2015-12-11,601899,13:03:03,1,3.39,2,678
2015-12-11,601899,13:02:58,2,3.4,12,4080
2015-12-11,601899,13:02:53,1,3.39,36,12204
2015-12-11,601899,13:02:43,1,3.39,220,74580
2015-12-11,601899,13:02:38,2,3.4,20,6800
2015-12-11,601899,13:02:33,2,3.4,108,37046
2015-12-11,601899,13:02:18,2,3.4,54,18360
2015-12-11,601899,13:02:08,1,3.39,75,25438
2015-12-11,601899,13:02:03,1,3.39,16,5424
2015-12-11,601899,13:01:53,2,3.4,50,17000
2015-12-11,601899,13:01:48,2,3.4,6,2366
2015-12-11,601899,13:01:38,1,3.39,18,6102
2015-12-11,601899,13:01:33,1,3.39,4,1356
2015-12-11,601899,13:01:28,2,3.4,58,19720
2015-12-11,601899,13:01:23,1,3.39,19,6454
2015-12-11,601899,13:01:07,2,3.4,0,326
2015-12-11,601899,13:01:02,1,3.39,14,4746
2015-12-11,601899,13:00:57,2,3.4,10,3400
2015-12-11,601899,13:00:42,1,3.39,70,23730
2015-12-11,601899,13:00:27,1,3.39,160,54240
2015-12-11,601899,13:00:12,2,3.4,86,29240
2015-12-11,601899,13:00:07,2,3.4,4677,1590193
2015-12-11,601899,13:00:02,1,3.39,354,120331
2015-12-11,601899,11:30:02,2,3.4,1,353
2015-12-11,601899,11:29:47,1,3.39,10,3390
2015-12-11,601899,11:29:42,1,3.39,10,3390
2015-12-11,601899,11:29:27,1,3.39,172,58308
2015-12-11,601899,11:29:07,1,3.39,838,284407
2015-12-11,601899,11:28:57,1,3.39,93,31540
2015-12-11,601899,11:28:47,1,3.39,16,5749
2015-12-11,601899,11:28:37,1,3.39,11,3742
2015-12-11,601899,11:28:37,1,3.39,8,2712
2015-12-11,601899,11:28:32,2,3.4,40,13926
2015-12-11,601899,11:28:22,2,3.4,730,248200
2015-12-11,601899,11:28:17,1,3.39,234,79326
2015-12-11,601899,11:28:02,2,3.4,51,17353
2015-12-11,601899,11:27:47,1,3.39,90,30510
2015-12-11,601899,11:27:37,1,3.39,108,36937
2015-12-11,601899,11:27:32,2,3.4,3,1033
2015-12-11,601899,11:27:32,2,3.4,32,11206
2015-12-11,601899,11:27:17,1,3.39,48,16272
2015-12-11,601899,11:27:02,1,3.39,14,4746
2015-12-11,601899,11:26:57,1,3.39,161,54592
2015-12-11,601899,11:26:42,1,3.39,250,84750
2015-12-11,601899,11:26:27,1,3.39,404,136956
2015-12-11,601899,11:26:07,2,3.4,20,6800
2015-12-11,601899,11:25:52,1,3.39,78,26442
2015-12-11,601899,11:25:42,1,3.39,52,17953
2015-12-11,601899,11:25:27,2,3.4,117,39793
2015-12-11,601899,11:25:22,2,3.4,4,1360
2015-12-11,601899,11:25:12,2,3.4,2,1006
2015-12-11,601899,11:25:07,1,3.39,329,111544
2015-12-11,601899,11:24:52,2,3.4,2,680
2015-12-11,601899,11:24:47,1,3.39,188,63732
2015-12-11,601899,11:24:37,2,3.4,248,84320
2015-12-11,601899,11:24:32,1,3.39,316,107124
2015-12-11,601899,11:24:22,2,3.4,2,1006
2015-12-11,601899,11:24:17,2,3.4,130,44200
2015-12-11,601899,11:24:07,1,3.39,105,35608
2015-12-11,601899,11:24:02,1,3.39,2452,831553
2015-12-11,601899,11:23:32,2,3.4,167,56793
2015-12-11,601899,11:23:27,2,3.4,246,83966
2015-12-11,601899,11:23:27,2,3.4,1,353
2015-12-11,601899,11:23:12,2,3.4,748,254646
2015-12-11,601899,11:23:02,2,3.4,8,2720
2015-12-11,601899,11:23:02,2,3.4,50,17000
2015-12-11,601899,11:22:51,1,3.39,117,39676
2015-12-11,601899,11:22:31,1,3.39,560,190165
2015-12-11,601899,11:22:26,2,3.4,120,40800
2015-12-11,601899,11:22:16,2,3.4,3,1033
2015-12-11,601899,11:22:11,2,3.4,42,14606
2015-12-11,601899,11:22:11,1,3.39,118,40002
2015-12-11,601899,11:21:41,1,3.39,42,14238
2015-12-11,601899,11:21:31,2,3.4,1,353
2015-12-11,601899,11:21:26,1,3.39,86,29154
2015-12-11,601899,11:21:21,1,3.39,46,15594
2015-12-11,601899,11:21:11,1,3.39,8,2712
2015-12-11,601899,11:21:06,1,3.39,52,17953
2015-12-11,601899,11:20:56,1,3.39,110,37290
2015-12-11,601899,11:20:51,2,3.39,584,198152
2015-12-11,601899,11:20:36,2,3.39,223,75597
2015-12-11,601899,11:20:31,2,3.39,964,326796
2015-12-11,601899,11:20:21,2,3.39,227,76953
2015-12-11,601899,11:20:16,2,3.39,1626,551214
2015-12-11,601899,11:20:01,1,3.39,6485,2198584
2015-12-11,601899,11:20:01,1,3.39,106,35934
2015-12-11,601899,11:19:41,2,3.4,8,2720
2015-12-11,601899,11:19:31,2,3.4,2,680
2015-12-11,601899,11:19:26,2,3.4,200,68170
2015-12-11,601899,11:19:11,2,3.4,49,16660
2015-12-11,601899,11:19:06,1,3.39,47,15933
2015-12-11,601899,11:19:06,1,3.39,58,19662
2015-12-11,601899,11:18:51,2,3.4,509,173060
2015-12-11,601899,11:18:46,1,3.39,190,64410
2015-12-11,601899,11:18:31,1,3.39,404,136956
2015-12-11,601899,11:18:16,2,3.4,40,13600
2015-12-11,601899,11:18:16,1,3.39,243,82377
2015-12-11,601899,11:17:56,2,3.4,160,54400
2015-12-11,601899,11:17:41,2,3.4,124,42160
2015-12-11,601899,11:17:36,1,3.39,129,43731
2015-12-11,601899,11:17:26,2,3.4,167,56780
2015-12-11,601899,11:17:21,1,3.39,195,66105
2015-12-11,601899,11:17:11,2,3.4,23,7820
2015-12-11,601899,11:17:06,1,3.39,194,65766
2015-12-11,601899,11:16:56,1,3.39,1,339
2015-12-11,601899,11:16:51,1,3.39,254,86106
2015-12-11,601899,11:16:41,1,3.39,121,41019
2015-12-11,601899,11:16:31,1,3.39,103,34917
2015-12-11,601899,11:16:21,1,3.39,13,4407
2015-12-11,601899,11:16:16,2,3.4,168,57120
2015-12-11,601899,11:16:06,2,3.4,101,34340
2015-12-11,601899,11:16:01,1,3.39,60,20340
2015-12-11,601899,11:15:51,1,3.39,622,210858
2015-12-11,601899,11:15:46,1,3.39,216,73224
2015-12-11,601899,11:15:36,1,3.39,25,8475
2015-12-11,601899,11:15:36,1,3.39,596,202044
2015-12-11,601899,11:15:21,1,3.39,12,4237
2015-12-11,601899,11:15:16,1,3.39,36,12204
2015-12-11,601899,11:15:06,1,3.39,104,35256
2015-12-11,601899,11:15:01,2,3.4,270,91970
2015-12-11,601899,11:14:46,2,3.4,506,172040
2015-12-11,601899,11:14:36,1,3.39,2,678
2015-12-11,601899,11:14:36,1,3.39,66,22374
2015-12-11,601899,11:14:21,1,3.39,518,175602
2015-12-11,601899,11:14:16,1,3.39,131,44409
2015-12-11,601899,11:14:06,1,3.39,2,678
2015-12-11,601899,11:14:01,1,3.39,198,67122
2015-12-11,601899,11:13:46,2,3.4,3,1020
2015-12-11,601899,11:13:41,2,3.4,130,44200
2015-12-11,601899,11:13:31,1,3.39,235,79665
2015-12-11,601899,11:13:26,1,3.39,30,10170
2015-12-11,601899,11:13:16,2,3.4,202,68680
2015-12-11,601899,11:13:11,2,3.4,14,4760
2015-12-11,601899,11:13:01,1,3.39,114,38646
2015-12-11,601899,11:12:51,1,3.39,20,6780
2015-12-11,601899,11:12:46,1,3.39,57,19323
2015-12-11,601899,11:12:31,2,3.4,1,340
2015-12-11,601899,11:12:31,1,3.39,17,5763
2015-12-11,601899,11:12:26,1,3.39,51,17289
2015-12-11,601899,11:12:16,2,3.4,365,124100
2015-12-11,601899,11:11:56,2,3.4,15,5100
2015-12-11,601899,11:11:46,1,3.39,149,50511
2015-12-11,601899,11:11:46,2,3.4,3,1020
2015-12-11,601899,11:11:41,2,3.4,52,17680
2015-12-11,601899,11:11:36,1,3.39,47,15933
2015-12-11,601899,11:11:26,1,3.39,773,262047
2015-12-11,601899,11:11:21,1,3.39,191,64749
2015-12-11,601899,11:11:06,1,3.39,73,24747
2015-12-11,601899,11:10:56,2,3.4,121,41140
2015-12-11,601899,11:10:56,2,3.4,11,3740
2015-12-11,601899,11:10:41,2,3.4,154,52360
2015-12-11,601899,11:10:36,1,3.39,253,85767
2015-12-11,601899,11:10:26,1,3.39,10,3390
2015-12-11,601899,11:10:21,1,3.39,368,124752
2015-12-11,601899,11:10:11,1,3.39,92,31188
2015-12-11,601899,11:10:06,2,3.4,94,31960
2015-12-11,601899,11:10:06,1,3.39,70,23730
2015-12-11,601899,11:09:56,1,3.39,167,56613
2015-12-11,601899,11:09:41,1,3.39,3,1017
2015-12-11,601899,11:09:35,1,3.39,42,14238
2015-12-11,601899,11:09:25,1,3.39,1,339
2015-12-11,601899,11:09:20,2,3.39,328,111192
2015-12-11,601899,11:09:10,2,3.39,390,132210
2015-12-11,601899,11:08:55,2,3.39,426,144414
2015-12-11,601899,11:08:45,2,3.39,55,18645
2015-12-11,601899,11:08:40,1,3.38,552,186576
2015-12-11,601899,11:08:30,2,3.39,690,233910
2015-12-11,601899,11:08:10,1,3.38,36,12168
2015-12-11,601899,11:08:05,2,3.39,14,4746
2015-12-11,601899,11:08:00,1,3.38,704,237952
2015-12-11,601899,11:07:50,2,3.39,52,17628
2015-12-11,601899,11:07:45,2,3.39,121,41019
2015-12-11,601899,11:07:40,2,3.39,555,188145
2015-12-11,601899,11:07:40,2,3.39,45,15255
2015-12-11,601899,11:07:20,2,3.39,129,43731
2015-12-11,601899,11:07:10,2,3.39,544,184416
2015-12-11,601899,11:07:05,2,3.39,135,45765
2015-12-11,601899,11:06:55,2,3.39,306,103734
2015-12-11,601899,11:06:50,2,3.39,439,148821
2015-12-11,601899,11:06:50,1,3.38,57,19266
2015-12-11,601899,11:06:40,2,3.39,604,204756
2015-12-11,601899,11:06:25,2,3.39,153,51867
2015-12-11,601899,11:06:20,2,3.39,283,95937
2015-12-11,601899,11:06:10,2,3.39,22,7458
2015-12-11,601899,11:06:05,2,3.39,229,77631
2015-12-11,601899,11:05:50,2,3.39,867,293913
2015-12-11,601899,11:05:35,1,3.38,1111,375518
2015-12-11,601899,11:05:30,2,3.39,34,11526
2015-12-11,601899,11:05:20,2,3.39,131,44409
2015-12-11,601899,11:05:15,2,3.39,493,167127
2015-12-11,601899,11:05:15,2,3.39,471,159669
2015-12-11,601899,11:05:00,1,3.38,423,142974
2015-12-11,601899,11:04:50,1,3.38,21,7098
2015-12-11,601899,11:04:50,2,3.39,203,68817
2015-12-11,601899,11:04:30,2,3.39,206,69834
2015-12-11,601899,11:04:15,2,3.39,1264,428496
2015-12-11,601899,11:04:10,1,3.38,156,52728
2015-12-11,601899,11:04:00,2,3.39,247,83733
2015-12-11,601899,11:03:50,1,3.38,328,110864
2015-12-11,601899,11:03:45,2,3.39,35,11865
2015-12-11,601899,11:03:45,2,3.39,465,157635
2015-12-11,601899,11:03:40,2,3.39,209,70851
2015-12-11,601899,11:03:25,2,3.39,82,27798
2015-12-11,601899,11:03:20,2,3.39,46,15594
2015-12-11,601899,11:03:15,1,3.38,2211,747318
2015-12-11,601899,11:03:10,1,3.38,437,147706
2015-12-11,601899,11:03:00,1,3.38,47,15886
2015-12-11,601899,11:03:00,2,3.39,249,84411
2015-12-11,601899,11:02:40,2,3.39,174,58986
2015-12-11,601899,11:02:30,2,3.39,169,57291
2015-12-11,601899,11:02:25,2,3.39,400,135600
2015-12-11,601899,11:02:15,1,3.38,118,39884
2015-12-11,601899,11:02:10,2,3.39,491,166449
2015-12-11,601899,11:01:55,2,3.39,24,8136
2015-12-11,601899,11:01:50,2,3.39,209,70851
2015-12-11,601899,11:01:40,2,3.39,46,15594
2015-12-11,601899,11:01:35,1,3.39,1072,363665
2015-12-11,601899,11:01:25,1,3.39,220,74580
2015-12-11,601899,11:01:20,1,3.39,981,332559
2015-12-11,601899,11:01:20,1,3.39,530,179670
2015-12-11,601899,11:01:15,1,3.39,653,221367
2015-12-11,601899,11:01:05,1,3.39,2525,855975
2015-12-11,601899,11:00:55,1,3.39,1621,549519
2015-12-11,601899,11:00:50,1,3.39,429,145431
2015-12-11,601899,11:00:40,1,3.39,294,99666
2015-12-11,601899,11:00:35,1,3.39,7375,2500125
2015-12-11,601899,11:00:25,1,3.39,35,11865
2015-12-11,601899,11:00:20,1,3.39,257,87123
2015-12-11,601899,11:00:20,2,3.4,315,107100
2015-12-11,601899,11:00:10,1,3.39,805,272895
2015-12-11,601899,10:59:50,2,3.4,148,50320
2015-12-11,601899,10:59:45,2,3.4,19,6460
2015-12-11,601899,10:59:35,1,3.39,16,5424
2015-12-11,601899,10:59:30,2,3.4,155,52700
2015-12-11,601899,10:59:20,1,3.39,25,8475
2015-12-11,601899,10:59:15,2,3.4,28,9520
2015-12-11,601899,10:59:05,2,3.4,17,5780
2015-12-11,601899,10:59:00,2,3.4,29,9860
2015-12-11,601899,10:58:45,2,3.4,27,9180
2015-12-11,601899,10:58:35,1,3.39,90,30510
2015-12-11,601899,10:58:30,2,3.4,182,61880
2015-12-11,601899,10:58:15,2,3.4,213,72420
2015-12-11,601899,10:58:10,1,3.39,327,110853
2015-12-11,601899,10:58:00,1,3.39,34,11526
2015-12-11,601899,10:57:50,2,3.4,111,37740
2015-12-11,601899,10:57:40,1,3.39,53,17967
2015-12-11,601899,10:57:35,2,3.4,93,31620
2015-12-11,601899,10:57:20,2,3.4,202,68680
2015-12-11,601899,10:57:10,1,3.39,254,86106
2015-12-11,601899,10:57:05,2,3.4,136,46240
2015-12-11,601899,10:56:50,1,3.39,76,25764
2015-12-11,601899,10:56:40,2,3.4,65,22100
2015-12-11,601899,10:56:35,1,3.39,136,46104
2015-12-11,601899,10:56:35,1,3.39,7,2373
2015-12-11,601899,10:56:15,1,3.39,541,183399
2015-12-11,601899,10:56:05,2,3.4,535,181900
2015-12-11,601899,10:55:50,2,3.4,63,21420
2015-12-11,601899,10:55:44,2,3.4,125,42500
2015-12-11,601899,10:55:34,1,3.39,92,31188
2015-12-11,601899,10:55:29,1,3.39,8,2712
2015-12-11,601899,10:55:19,2,3.4,21,7140
2015-12-11,601899,10:55:14,2,3.4,31,10540
2015-12-11,601899,10:55:04,2,3.4,107,36380
2015-12-11,601899,10:54:49,1,3.39,7,2373
2015-12-11,601899,10:54:44,1,3.39,1559,528501
2015-12-11,601899,10:54:29,2,3.4,35,11900
2015-12-11,601899,10:54:29,2,3.4,97,32980
2015-12-11,601899,10:54:24,1,3.39,18,6102
2015-12-11,601899,10:54:14,2,3.4,20,6800
2015-12-11,601899,10:54:09,2,3.4,117,39780
2015-12-11,601899,10:54:09,1,3.39,117,39663
2015-12-11,601899,10:53:54,1,3.39,423,143397
2015-12-11,601899,10:53:44,2,3.4,188,63920
2015-12-11,601899,10:53:29,2,3.4,463,157420
2015-12-11,601899,10:53:24,2,3.4,81,27540
2015-12-11,601899,10:53:14,2,3.4,35,11900
2015-12-11,601899,10:53:09,1,3.39,47,15933
2015-12-11,601899,10:52:59,2,3.4,148,50320
2015-12-11,601899,10:52:54,1,3.39,317,107463
2015-12-11,601899,10:52:39,1,3.39,1707,578673
2015-12-11,601899,10:52:24,1,3.39,98,33222
2015-12-11,601899,10:52:19,2,3.4,24,8160
2015-12-11,601899,10:52:14,1,3.39,6611,2241129
2015-12-11,601899,10:52:09,1,3.39,11,3729
2015-12-11,601899,10:52:04,1,3.39,2825,957675
2015-12-11,601899,10:51:59,2,3.4,23,7820
2015-12-11,601899,10:51:54,1,3.39,520,176280
2015-12-11,601899,10:51:54,2,3.4,110,37400
2015-12-11,601899,10:51:39,2,3.4,25,8500
2015-12-11,601899,10:51:34,1,3.39,96,32544
2015-12-11,601899,10:51:24,1,3.39,22,7458
2015-12-11,601899,10:51:19,1,3.39,446,151194
2015-12-11,601899,10:51:09,2,3.4,559,190060
2015-12-11,601899,10:51:09,1,3.39,161,54579
2015-12-11,601899,10:50:49,2,3.4,95,32300
2015-12-11,601899,10:50:44,2,3.4,244,82960
2015-12-11,601899,10:50:34,2,3.4,1,340
2015-12-11,601899,10:50:24,1,3.39,1,339
2015-12-11,601899,10:50:19,2,3.4,1,340
2015-12-11,601899,10:50:14,1,3.39,76,25764
2015-12-11,601899,10:50:09,1,3.39,26,8814
2015-12-11,601899,10:50:04,1,3.39,8,2712
2015-12-11,601899,10:50:04,1,3.39,37,12543
2015-12-11,601899,10:49:59,2,3.4,26,8840
2015-12-11,601899,10:49:49,2,3.4,32,10880
2015-12-11,601899,10:49:44,1,3.39,237,80343
2015-12-11,601899,10:49:39,1,3.39,11,3729
2015-12-11,601899,10:49:34,2,3.4,24,8160
2015-12-11,601899,10:49:29,2,3.4,32,10880
2015-12-11,601899,10:49:14,2,3.4,813,276420
2015-12-11,601899,10:48:59,2,3.4,1,340
2015-12-11,601899,10:48:54,2,3.4,309,105060
2015-12-11,601899,10:48:44,2,3.4,100,34000
2015-12-11,601899,10:48:29,2,3.4,304,103360
2015-12-11,601899,10:48:24,1,3.39,2,678
2015-12-11,601899,10:48:14,1,3.39,1,339
2015-12-11,601899,10:48:09,1,3.39,4,1356
2015-12-11,601899,10:48:09,2,3.4,10,3400
2015-12-11,601899,10:47:59,1,3.39,133,45087
2015-12-11,601899,10:47:44,2,3.4,7,2380
2015-12-11,601899,10:47:39,2,3.4,74,25160
2015-12-11,601899,10:47:19,1,3.39,97,32883
2015-12-11,601899,10:47:09,1,3.39,12,4068
2015-12-11,601899,10:46:59,2,3.4,51,17340
2015-12-11,601899,10:46:49,2,3.4,120,40800
2015-12-11,601899,10:46:44,2,3.4,174,59160
2015-12-11,601899,10:46:34,1,3.39,92,31188
2015-12-11,601899,10:46:29,2,3.4,74,25160
2015-12-11,601899,10:46:19,2,3.4,19,6460
2015-12-11,601899,10:46:14,2,3.4,44,14960
2015-12-11,601899,10:46:04,2,3.4,166,56440
2015-12-11,601899,10:45:59,1,3.4,129,43860
2015-12-11,601899,10:45:49,1,3.4,97,32980
2015-12-11,601899,10:45:44,1,3.39,545,184931
2015-12-11,601899,10:45:29,2,3.4,61,20740
2015-12-11,601899,10:45:24,2,3.4,401,136340
2015-12-11,601899,10:45:14,2,3.4,60,20400
2015-12-11,601899,10:45:09,2,3.4,147,49980
2015-12-11,601899,10:44:59,2,3.4,51,17340
2015-12-11,601899,10:44:54,2,3.4,288,97920
2015-12-11,601899,10:44:44,1,3.4,2127,723343
2015-12-11,601899,10:44:29,1,3.4,455,154700
2015-12-11,601899,10:44:24,1,3.4,3,1020
2015-12-11,601899,10:44:14,2,3.41,121,41261
2015-12-11,601899,10:44:09,1,3.4,52,17680
2015-12-11,601899,10:43:54,1,3.4,25,8500
2015-12-11,601899,10:43:54,1,3.4,20,6800
2015-12-11,601899,10:43:39,2,3.4,786,267416
2015-12-11,601899,10:43:29,2,3.4,139,47260
2015-12-11,601899,10:43:24,1,3.39,622,210858
2015-12-11,601899,10:43:09,2,3.4,114,38760
2015-12-11,601899,10:43:04,1,3.39,443,150177
2015-12-11,601899,10:42:54,2,3.4,2116,719440
2015-12-11,601899,10:42:39,2,3.4,161,54740
2015-12-11,601899,10:42:33,2,3.4,611,207740
2015-12-11,601899,10:42:33,2,3.4,110,37400
2015-12-11,601899,10:42:18,2,3.4,481,163540
2015-12-11,601899,10:42:08,2,3.4,589,200260
2015-12-11,601899,10:42:03,2,3.4,557,189380
2015-12-11,601899,10:41:53,2,3.4,137,46580
2015-12-11,601899,10:41:48,2,3.4,748,254320
2015-12-11,601899,10:41:33,2,3.4,5129,1743860
2015-12-11,601899,10:41:23,2,3.4,158,53720
2015-12-11,601899,10:41:18,1,3.39,423,143397
2015-12-11,601899,10:41:03,2,3.4,67,22780
2015-12-11,601899,10:40:58,2,3.4,61,20740
2015-12-11,601899,10:40:48,2,3.4,428,145520
2015-12-11,601899,10:40:33,2,3.4,381,129540
2015-12-11,601899,10:40:33,2,3.4,517,175780
2015-12-11,601899,10:39:58,2,3.4,53,18020
2015-12-11,601899,10:39:53,1,3.39,93,31527
2015-12-11,601899,10:39:48,2,3.4,130,44200
2015-12-11,601899,10:39:43,2,3.4,182,61880
2015-12-11,601899,10:39:38,2,3.4,356,121040
2015-12-11,601899,10:39:38,2,3.4,158,53720
2015-12-11,601899,10:39:28,2,3.4,406,138040
2015-12-11,601899,10:39:13,2,3.4,180,61200
2015-12-11,601899,10:39:08,1,3.4,1400,476163
2015-12-11,601899,10:38:58,1,3.4,20,6800
2015-12-11,601899,10:38:53,2,3.41,122,41602
2015-12-11,601899,10:38:43,1,3.4,14,4760
2015-12-11,601899,10:38:38,2,3.41,314,107074
2015-12-11,601899,10:38:38,2,3.41,105,35805
2015-12-11,601899,10:38:08,1,3.4,5,1700
2015-12-11,601899,10:38:03,2,3.41,134,45694
2015-12-11,601899,10:37:53,2,3.4,889,302436
2015-12-11,601899,10:37:38,2,3.4,503,171020
2015-12-11,601899,10:37:33,2,3.4,865,294270
2015-12-11,601899,10:37:23,2,3.4,112,38080
2015-12-11,601899,10:37:18,1,3.39,953,323067
2015-12-11,601899,10:37:08,2,3.4,103,35020
2015-12-11,601899,10:37:03,1,3.39,228,77292
2015-12-11,601899,10:36:53,1,3.39,104,35256
2015-12-11,601899,10:36:48,2,3.4,745,253300
2015-12-11,601899,10:36:28,2,3.4,496,168640
2015-12-11,601899,10:36:13,2,3.4,12,4080
2015-12-11,601899,10:36:08,2,3.4,269,91460
2015-12-11,601899,10:35:58,2,3.4,36,12240
2015-12-11,601899,10:35:53,1,3.39,186,63054
2015-12-11,601899,10:35:48,1,3.39,144,48816
2015-12-11,601899,10:35:38,2,3.4,146,49640
2015-12-11,601899,10:35:28,2,3.4,1193,405620
2015-12-11,601899,10:35:23,1,3.39,449,152211
2015-12-11,601899,10:35:13,2,3.4,114,38760
2015-12-11,601899,10:35:08,2,3.4,55,18700
2015-12-11,601899,10:34:58,2,3.4,15,5100
2015-12-11,601899,10:34:53,1,3.39,263,89157
2015-12-11,601899,10:34:43,2,3.4,415,141100
2015-12-11,601899,10:34:38,2,3.4,1803,613020
2015-12-11,601899,10:34:23,2,3.4,139,47260
2015-12-11,601899,10:34:18,2,3.4,360,122400
2015-12-11,601899,10:34:08,2,3.4,729,247860
2015-12-11,601899,10:33:53,2,3.4,1451,493340
2015-12-11,601899,10:33:38,2,3.4,31,10540
2015-12-11,601899,10:33:33,2,3.4,495,168300
2015-12-11,601899,10:33:23,1,3.39,138,46782
2015-12-11,601899,10:33:18,2,3.4,67,22780
2015-12-11,601899,10:33:08,2,3.4,10,3400
2015-12-11,601899,10:33:03,2,3.4,1309,445060
2015-12-11,601899,10:32:48,1,3.39,278,94242
2015-12-11,601899,10:32:38,2,3.4,42,14280
2015-12-11,601899,10:32:33,2,3.4,24,8160
2015-12-11,601899,10:32:28,1,3.39,246,83394
2015-12-11,601899,10:32:18,1,3.39,341,115599
2015-12-11,601899,10:32:08,1,3.39,187,63393
2015-12-11,601899,10:32:03,1,3.39,344,116616
2015-12-11,601899,10:32:03,2,3.4,30,10200
2015-12-11,601899,10:31:43,2,3.4,167,56780
2015-12-11,601899,10:31:33,2,3.4,84,28560
2015-12-11,601899,10:31:28,2,3.4,250,85000
2015-12-11,601899,10:31:18,2,3.4,114,38760
2015-12-11,601899,10:31:13,2,3.4,140,47600
2015-12-11,601899,10:31:08,2,3.4,275,93500
2015-12-11,601899,10:31:08,1,3.39,308,104412
2015-12-11,601899,10:30:58,2,3.4,340,115600
2015-12-11,601899,10:30:58,2,3.4,129,43860
2015-12-11,601899,10:30:43,2,3.4,225,76500
2015-12-11,601899,10:30:38,2,3.4,354,120360
2015-12-11,601899,10:30:38,2,3.4,107,36380
2015-12-11,601899,10:30:23,2,3.4,200,68000
2015-12-11,601899,10:30:13,2,3.4,170,57800
2015-12-11,601899,10:30:08,2,3.4,221,75140
2015-12-11,601899,10:29:58,2,3.4,52,17680
2015-12-11,601899,10:29:53,2,3.4,694,235960
2015-12-11,601899,10:29:43,1,3.39,30,10170
2015-12-11,601899,10:29:38,1,3.39,363,123057
2015-12-11,601899,10:29:23,2,3.4,25,8500
2015-12-11,601899,10:29:18,2,3.4,157,53380
2015-12-11,601899,10:29:13,2,3.4,1055,358700
2015-12-11,601899,10:29:08,2,3.4,80,27200
2015-12-11,601899,10:29:08,1,3.39,214,72546
2015-12-11,601899,10:28:52,2,3.4,2,680
2015-12-11,601899,10:28:47,2,3.4,187,63580
2015-12-11,601899,10:28:32,2,3.4,162,55080
2015-12-11,601899,10:28:27,2,3.4,67,22780
2015-12-11,601899,10:28:22,1,3.39,2,678
2015-12-11,601899,10:28:17,2,3.4,67,22780
2015-12-11,601899,10:28:07,2,3.4,316,107440
2015-12-11,601899,10:27:52,2,3.4,665,226100
2015-12-11,601899,10:27:37,2,3.4,135,45900
2015-12-11,601899,10:27:32,1,3.39,842,285438
2015-12-11,601899,10:27:22,2,3.4,147,49980
2015-12-11,601899,10:27:17,2,3.4,94,31960
2015-12-11,601899,10:27:07,2,3.4,36,12240
2015-12-11,601899,10:27:02,1,3.39,110,37290
2015-12-11,601899,10:26:47,1,3.39,33,11187
2015-12-11,601899,10:26:42,2,3.4,90,30600
2015-12-11,601899,10:26:32,2,3.4,279,94860
2015-12-11,601899,10:26:27,1,3.39,695,235605
2015-12-11,601899,10:26:17,2,3.4,64,21760
2015-12-11,601899,10:26:12,1,3.39,57,19323
2015-12-11,601899,10:25:57,2,3.4,17,5780
2015-12-11,601899,10:25:52,2,3.4,109,37060
2015-12-11,601899,10:25:52,2,3.4,144,48960
2015-12-11,601899,10:25:42,2,3.4,1165,396100
2015-12-11,601899,10:25:22,1,3.39,71,24069
2015-12-11,601899,10:25:12,1,3.39,43,14577
2015-12-11,601899,10:25:02,2,3.4,415,141100
2015-12-11,601899,10:24:52,1,3.39,73,24747
2015-12-11,601899,10:24:47,1,3.39,302,102378
2015-12-11,601899,10:24:37,1,3.39,91,30849
2015-12-11,601899,10:24:32,1,3.39,307,104073
2015-12-11,601899,10:24:22,2,3.4,35,11900
2015-12-11,601899,10:24:17,2,3.4,71,24140
2015-12-11,601899,10:24:07,1,3.39,197,66783
2015-12-11,601899,10:24:02,2,3.4,71,24140
2015-12-11,601899,10:23:52,1,3.39,119,40341
2015-12-11,601899,10:23:47,1,3.39,190,64410
2015-12-11,601899,10:23:32,1,3.39,718,243402
2015-12-11,601899,10:23:17,1,3.39,135,45765
2015-12-11,601899,10:23:12,2,3.4,794,269960
2015-12-11,601899,10:23:07,2,3.4,13,4420
2015-12-11,601899,10:23:02,1,3.39,37,12543
2015-12-11,601899,10:22:57,1,3.39,36,12204
2015-12-11,601899,10:22:57,1,3.39,28,9492
2015-12-11,601899,10:22:47,2,3.4,50,17000
2015-12-11,601899,10:22:42,1,3.39,293,99327
2015-12-11,601899,10:22:32,2,3.4,6,2040
2015-12-11,601899,10:22:27,1,3.39,76,25764
2015-12-11,601899,10:22:17,1,3.39,30,10170
2015-12-11,601899,10:22:12,1,3.39,317,107463
2015-12-11,601899,10:22:12,1,3.39,59,20001
2015-12-11,601899,10:21:42,2,3.4,178,60520
2015-12-11,601899,10:21:37,2,3.4,374,127160
2015-12-11,601899,10:21:27,2,3.4,323,109820
2015-12-11,601899,10:21:17,1,3.39,82,27798
2015-12-11,601899,10:21:12,2,3.4,57,19380
2015-12-11,601899,10:21:07,2,3.4,202,68680
2015-12-11,601899,10:20:57,2,3.4,23,7820
2015-12-11,601899,10:20:52,1,3.39,146,49494
2015-12-11,601899,10:20:42,1,3.39,22,7458
2015-12-11,601899,10:20:42,2,3.4,106,36040
2015-12-11,601899,10:20:27,2,3.4,122,41480
2015-12-11,601899,10:20:22,1,3.39,273,92547
2015-12-11,601899,10:20:12,2,3.4,149,50660
2015-12-11,601899,10:20:07,2,3.4,92,31280
2015-12-11,601899,10:19:52,2,3.4,806,274040
2015-12-11,601899,10:19:52,2,3.4,449,152660
2015-12-11,601899,10:19:47,2,3.4,201,68340
2015-12-11,601899,10:19:22,2,3.4,542,184280
2015-12-11,601899,10:19:17,1,3.39,23,7797
2015-12-11,601899,10:19:07,2,3.4,187,63750
2015-12-11,601899,10:18:52,2,3.4,33,11220
2015-12-11,601899,10:18:47,1,3.39,117,39663
2015-12-11,601899,10:18:37,2,3.4,120,40800
2015-12-11,601899,10:18:32,2,3.4,314,106760
2015-12-11,601899,10:18:22,2,3.4,15,5100
2015-12-11,601899,10:18:17,1,3.39,163,55257
2015-12-11,601899,10:18:07,2,3.4,17,5780
2015-12-11,601899,10:18:03,2,3.4,39,13260
2015-12-11,601899,10:17:53,2,3.4,47,15980
2015-12-11,601899,10:17:48,2,3.4,55,18700
2015-12-11,601899,10:17:43,2,3.4,55,18700
2015-12-11,601899,10:17:38,2,3.4,248,84320
2015-12-11,601899,10:17:28,1,3.39,54,18306
2015-12-11,601899,10:17:23,2,3.4,51,17340
2015-12-11,601899,10:17:13,1,3.39,21,7119
2015-12-11,601899,10:17:08,1,3.39,158,53562
2015-12-11,601899,10:17:03,2,3.4,1363,463420
2015-12-11,601899,10:16:58,2,3.4,112,38080
2015-12-11,601899,10:16:53,2,3.4,51,17340
2015-12-11,601899,10:16:48,2,3.4,141,47940
2015-12-11,601899,10:16:43,1,3.39,42,14238
2015-12-11,601899,10:16:38,2,3.4,136,46240
2015-12-11,601899,10:16:33,2,3.4,37,12580
2015-12-11,601899,10:16:28,2,3.4,26,8840
2015-12-11,601899,10:16:23,1,3.39,2056,697085
2015-12-11,601899,10:16:18,2,3.4,53,18020
2015-12-11,601899,10:16:13,2,3.4,140,47600
2015-12-11,601899,10:16:08,2,3.4,2481,843540
2015-12-11,601899,10:16:03,2,3.4,141,47940
2015-12-11,601899,10:15:58,2,3.4,28,9520
2015-12-11,601899,10:15:53,2,3.4,174,59160
2015-12-11,601899,10:15:48,2,3.4,128,43520
2015-12-11,601899,10:15:43,2,3.4,88,29920
2015-12-11,601899,10:15:38,1,3.39,425,144075
2015-12-11,601899,10:15:33,2,3.4,677,230180
2015-12-11,601899,10:15:28,2,3.4,100,34000
2015-12-11,601899,10:15:23,2,3.4,46,15640
2015-12-11,601899,10:15:18,2,3.4,27,9180
2015-12-11,601899,10:15:13,2,3.4,14,4760
2015-12-11,601899,10:15:08,1,3.39,165,55935
2015-12-11,601899,10:15:03,2,3.4,300,102000
2015-12-11,601899,10:14:58,2,3.4,34,11560
2015-12-11,601899,10:14:53,1,3.39,60,20340
2015-12-11,601899,10:14:48,2,3.4,420,142800
2015-12-11,601899,10:14:43,2,3.4,24,8160
2015-12-11,601899,10:14:38,2,3.4,17,5780
2015-12-11,601899,10:14:33,1,3.39,1361,461379
2015-12-11,601899,10:14:28,2,3.4,40,13600
2015-12-11,601899,10:14:23,2,3.4,214,72760
2015-12-11,601899,10:14:18,2,3.4,13,4420
2015-12-11,601899,10:14:13,1,3.39,26,8814
2015-12-11,601899,10:14:08,1,3.39,127,43053
2015-12-11,601899,10:14:03,1,3.39,1449,491211
2015-12-11,601899,10:13:58,2,3.4,266,90440
2015-12-11,601899,10:13:53,2,3.4,33,11220
2015-12-11,601899,10:13:48,2,3.4,85,28900
2015-12-11,601899,10:13:43,2,3.4,34,11560
2015-12-11,601899,10:13:38,2,3.4,150,51000
2015-12-11,601899,10:13:32,2,3.4,17,5780
2015-12-11,601899,10:13:27,1,3.39,61,20679
2015-12-11,601899,10:13:22,2,3.4,58,19720
2015-12-11,601899,10:13:17,1,3.39,32,10848
2015-12-11,601899,10:13:12,1,3.39,80,27120
2015-12-11,601899,10:13:07,2,3.4,44,14960
2015-12-11,601899,10:13:02,2,3.4,31,10540
2015-12-11,601899,10:12:57,2,3.4,58,19720
2015-12-11,601899,10:12:52,2,3.4,546,185640
2015-12-11,601899,10:12:47,2,3.4,51,17340
2015-12-11,601899,10:12:42,2,3.4,14,4760
2015-12-11,601899,10:12:37,2,3.4,280,95200
2015-12-11,601899,10:12:32,2,3.4,154,52360
2015-12-11,601899,10:12:27,1,3.39,158,53562
2015-12-11,601899,10:12:22,1,3.39,19,6441
2015-12-11,601899,10:12:17,1,3.39,34,11526
2015-12-11,601899,10:12:12,2,3.4,126,43132
2015-12-11,601899,10:12:07,2,3.4,269,91460
2015-12-11,601899,10:12:02,1,3.39,103,34917
2015-12-11,601899,10:11:57,2,3.4,184,62560
2015-12-11,601899,10:11:52,2,3.4,203,69020
2015-12-11,601899,10:11:47,2,3.4,74,25160
2015-12-11,601899,10:11:42,2,3.4,111,37740
2015-12-11,601899,10:11:37,2,3.4,294,99960
2015-12-11,601899,10:11:32,1,3.39,1443,489177
2015-12-11,601899,10:11:27,1,3.39,389,131871
2015-12-11,601899,10:11:22,1,3.39,62,21018
2015-12-11,601899,10:11:17,2,3.4,51,17340
2015-12-11,601899,10:11:12,1,3.39,159,53901
2015-12-11,601899,10:11:07,2,3.4,44,14960
2015-12-11,601899,10:11:02,2,3.4,181,61540
2015-12-11,601899,10:10:57,2,3.4,7411,2519740
2015-12-11,601899,10:10:47,1,3.39,64,21696
2015-12-11,601899,10:10:42,2,3.4,96,32640
2015-12-11,601899,10:10:37,1,3.39,124,42036
2015-12-11,601899,10:10:32,1,3.39,13,4407
2015-12-11,601899,10:10:27,1,3.39,40,13560
2015-12-11,601899,10:10:22,1,3.39,66,22374
2015-12-11,601899,10:10:17,1,3.39,13,4407
2015-12-11,601899,10:10:12,1,3.39,240,81360
2015-12-11,601899,10:10:07,2,3.4,156,53040
2015-12-11,601899,10:10:02,2,3.4,52,17680
2015-12-11,601899,10:09:57,2,3.4,435,147900
2015-12-11,601899,10:09:52,1,3.39,140,47460
2015-12-11,601899,10:09:47,1,3.39,1113,377307
2015-12-11,601899,10:09:42,2,3.4,186,63240
2015-12-11,601899,10:09:37,1,3.39,347,117633
2015-12-11,601899,10:09:32,1,3.39,412,139668
2015-12-11,601899,10:09:27,2,3.4,58,19720
2015-12-11,601899,10:09:22,1,3.39,64,21696
2015-12-11,601899,10:09:17,1,3.39,64,21696
2015-12-11,601899,10:09:12,2,3.4,248,84320
2015-12-11,601899,10:09:07,1,3.39,13,4407
2015-12-11,601899,10:09:02,2,3.4,88,29920
2015-12-11,601899,10:08:57,2,3.4,170,57800
2015-12-11,601899,10:08:52,2,3.4,86,29240
2015-12-11,601899,10:08:47,1,3.39,56,18984
2015-12-11,601899,10:08:41,1,3.39,18,6102
2015-12-11,601899,10:08:36,1,3.39,213,72207
2015-12-11,601899,10:08:31,2,3.4,8,2720
2015-12-11,601899,10:08:26,1,3.39,182,61698
2015-12-11,601899,10:08:21,2,3.4,155,52700
2015-12-11,601899,10:08:16,2,3.4,75,25500
2015-12-11,601899,10:08:11,2,3.4,145,49300
2015-12-11,601899,10:08:06,1,3.39,1671,566469
2015-12-11,601899,10:08:01,2,3.4,104,35360
2015-12-11,601899,10:07:56,2,3.4,42,14280
2015-12-11,601899,10:07:51,1,3.39,3,1017
2015-12-11,601899,10:07:46,1,3.39,89,30171
2015-12-11,601899,10:07:41,2,3.4,338,114920
2015-12-11,601899,10:07:36,2,3.4,210,71400
2015-12-11,601899,10:07:31,2,3.4,41,13940
2015-12-11,601899,10:07:26,1,3.39,343,116277
2015-12-11,601899,10:07:21,2,3.4,75,25500
2015-12-11,601899,10:07:16,2,3.4,239,81260
2015-12-11,601899,10:07:11,2,3.4,27,9180
2015-12-11,601899,10:07:06,2,3.4,152,51680
2015-12-11,601899,10:07:01,2,3.4,18,6120
2015-12-11,601899,10:06:56,1,3.4,1256,427111
2015-12-11,601899,10:06:51,1,3.4,11,3740
2015-12-11,601899,10:06:46,1,3.4,140,47600
2015-12-11,601899,10:06:41,1,3.4,151,51340
2015-12-11,601899,10:06:36,1,3.4,74,25160
2015-12-11,601899,10:06:31,1,3.4,15,5100
2015-12-11,601899,10:06:26,2,3.4,328,111788
2015-12-11,601899,10:06:21,2,3.4,414,140760
2015-12-11,601899,10:06:16,2,3.4,225,76500
2015-12-11,601899,10:06:11,2,3.4,1288,437920
2015-12-11,601899,10:06:06,2,3.4,41,13940
2015-12-11,601899,10:06:01,2,3.4,187,63580
2015-12-11,601899,10:05:56,2,3.4,317,107780
2015-12-11,601899,10:05:51,2,3.4,288,97920
2015-12-11,601899,10:05:46,2,3.4,178,60520
2015-12-11,601899,10:05:41,1,3.39,210,71190
2015-12-11,601899,10:05:36,2,3.4,1165,396100
2015-12-11,601899,10:05:31,2,3.4,83,28220
2015-12-11,601899,10:05:26,1,3.39,186,63054
2015-12-11,601899,10:05:16,2,3.4,23,7820
2015-12-11,601899,10:05:11,2,3.4,135,45900
2015-12-11,601899,10:05:06,2,3.4,369,125460
2015-12-11,601899,10:04:56,2,3.4,121,41140
2015-12-11,601899,10:04:51,2,3.4,575,195690
2015-12-11,601899,10:04:41,2,3.4,136,46240
2015-12-11,601899,10:04:36,2,3.4,181,61540
2015-12-11,601899,10:04:31,2,3.4,113,38420
2015-12-11,601899,10:04:26,2,3.4,105,35700
2015-12-11,601899,10:04:21,2,3.4,751,255340
2015-12-11,601899,10:04:16,2,3.4,605,205700
2015-12-11,601899,10:04:06,1,3.39,325,110175
2015-12-11,601899,10:04:01,2,3.4,1145,389300
2015-12-11,601899,10:03:55,2,3.4,83,28220
2015-12-11,601899,10:03:45,2,3.4,307,104380
2015-12-11,601899,10:03:35,2,3.4,253,86020
2015-12-11,601899,10:03:30,2,3.4,155,52700
2015-12-11,601899,10:03:20,2,3.4,272,92480
2015-12-11,601899,10:03:10,2,3.4,366,124440
2015-12-11,601899,10:03:00,2,3.4,86,29240
2015-12-11,601899,10:02:55,2,3.4,149,50660
2015-12-11,601899,10:02:45,2,3.4,146,49640
2015-12-11,601899,10:02:40,2,3.4,382,129880
2015-12-11,601899,10:02:35,1,3.39,115,38985
2015-12-11,601899,10:02:30,2,3.4,70,23800
2015-12-11,601899,10:02:25,2,3.4,9,3060
2015-12-11,601899,10:02:20,1,3.39,1257,426123
2015-12-11,601899,10:02:15,1,3.39,100,33900
2015-12-11,601899,10:02:10,2,3.4,146,49640
2015-12-11,601899,10:02:05,2,3.4,61,20740
2015-12-11,601899,10:02:00,1,3.39,32,10848
2015-12-11,601899,10:01:55,2,3.4,120,40800
2015-12-11,601899,10:01:50,2,3.4,228,77520
2015-12-11,601899,10:01:45,2,3.4,196,66640
2015-12-11,601899,10:01:40,2,3.4,287,97580
2015-12-11,601899,10:01:35,1,3.39,158,53562
2015-12-11,601899,10:01:30,2,3.4,6,2040
2015-12-11,601899,10:01:25,2,3.4,70,23800
2015-12-11,601899,10:01:20,1,3.39,421,142719
2015-12-11,601899,10:01:15,2,3.4,1504,511360
2015-12-11,601899,10:01:10,2,3.4,121,41140
2015-12-11,601899,10:01:05,2,3.4,96,32640
2015-12-11,601899,10:01:00,2,3.4,157,53380
2015-12-11,601899,10:00:55,2,3.4,120,40800
2015-12-11,601899,10:00:50,1,3.39,13,4407
2015-12-11,601899,10:00:45,1,3.39,4,1356
2015-12-11,601899,10:00:40,2,3.4,96,32640
2015-12-11,601899,10:00:35,2,3.4,124,42160
2015-12-11,601899,10:00:30,2,3.4,66,22440
2015-12-11,601899,10:00:25,2,3.4,1175,399500
2015-12-11,601899,10:00:20,2,3.4,81,27540
2015-12-11,601899,10:00:15,2,3.4,334,113560
2015-12-11,601899,10:00:10,1,3.39,1021,346119
2015-12-11,601899,10:00:05,1,3.39,1050,355950
2015-12-11,601899,10:00:00,2,3.4,735,249900
2015-12-11,601899,09:59:55,1,3.39,131,44409
2015-12-11,601899,09:59:50,2,3.4,693,235620
2015-12-11,601899,09:59:45,2,3.4,48,16320
2015-12-11,601899,09:59:40,1,3.39,54,18306
2015-12-11,601899,09:59:35,2,3.4,70,23800
2015-12-11,601899,09:59:30,1,3.39,940,318660
2015-12-11,601899,09:59:25,2,3.4,81,27540
2015-12-11,601899,09:59:20,2,3.4,62,21080
2015-12-11,601899,09:59:15,2,3.4,81,27540
2015-12-11,601899,09:59:10,2,3.4,96,32640
2015-12-11,601899,09:59:05,2,3.4,88,29920
2015-12-11,601899,09:58:59,2,3.4,195,66300
2015-12-11,601899,09:58:54,2,3.4,25,8500
2015-12-11,601899,09:58:49,2,3.4,11,3740
2015-12-11,601899,09:58:44,2,3.4,83,28220
2015-12-11,601899,09:58:39,1,3.4,322,109551
2015-12-11,601899,09:58:34,1,3.4,955,324700
2015-12-11,601899,09:58:29,2,3.41,1749,596409
2015-12-11,601899,09:58:24,1,3.4,2788,947920
2015-12-11,601899,09:58:19,1,3.4,1635,555900
2015-12-11,601899,09:58:14,1,3.4,152,51680
2015-12-11,601899,09:58:09,1,3.4,9975,3391500
2015-12-11,601899,09:58:04,1,3.4,6,2040
2015-12-11,601899,09:57:59,2,3.41,27,9207
2015-12-11,601899,09:57:54,1,3.4,1356,461040
2015-12-11,601899,09:57:49,1,3.4,369,125460
2015-12-11,601899,09:57:44,2,3.41,436,148676
2015-12-11,601899,09:57:39,1,3.4,1125,382500
2015-12-11,601899,09:57:34,1,3.4,20,6800
2015-12-11,601899,09:57:29,1,3.4,58,19720
2015-12-11,601899,09:57:24,2,3.41,358,122078
2015-12-11,601899,09:57:19,1,3.4,110,37400
2015-12-11,601899,09:57:14,1,3.4,129,43860
2015-12-11,601899,09:57:09,1,3.4,34,11560
2015-12-11,601899,09:57:04,1,3.4,300,102000
2015-12-11,601899,09:56:59,1,3.4,316,107440
2015-12-11,601899,09:56:54,1,3.4,331,112540
2015-12-11,601899,09:56:49,1,3.4,236,80240
2015-12-11,601899,09:56:44,1,3.4,142,48280
2015-12-11,601899,09:56:39,1,3.4,1405,477700
2015-12-11,601899,09:56:34,1,3.4,135,45900
2015-12-11,601899,09:56:29,1,3.4,200,68000
2015-12-11,601899,09:56:24,1,3.4,95,32300
2015-12-11,601899,09:56:19,2,3.41,61,20801
2015-12-11,601899,09:56:14,2,3.41,330,112530
2015-12-11,601899,09:56:09,1,3.4,4,1360
2015-12-11,601899,09:56:04,2,3.41,27,9207
2015-12-11,601899,09:55:59,1,3.4,1332,452880
2015-12-11,601899,09:55:54,2,3.41,65,22165
2015-12-11,601899,09:55:49,2,3.41,39,13299
2015-12-11,601899,09:55:44,2,3.41,120,40920
2015-12-11,601899,09:55:39,2,3.41,170,57970
2015-12-11,601899,09:55:34,1,3.4,294,99960
2015-12-11,601899,09:55:29,1,3.4,20,6800
2015-12-11,601899,09:55:24,2,3.41,76,25916
2015-12-11,601899,09:55:19,1,3.4,83,28220
2015-12-11,601899,09:55:14,2,3.41,149,50809
2015-12-11,601899,09:55:09,2,3.41,153,52173
2015-12-11,601899,09:55:04,1,3.4,23,7820
2015-12-11,601899,09:54:59,1,3.4,10,3400
2015-12-11,601899,09:54:54,1,3.4,126,42840
2015-12-11,601899,09:54:49,2,3.41,443,151063
2015-12-11,601899,09:54:44,2,3.41,144,49104
2015-12-11,601899,09:54:39,2,3.41,51,17391
2015-12-11,601899,09:54:34,1,3.4,1149,390660
2015-12-11,601899,09:54:29,1,3.4,245,83300
2015-12-11,601899,09:54:24,1,3.4,127,43180
2015-12-11,601899,09:54:19,1,3.4,191,64940
2015-12-11,601899,09:54:14,2,3.41,14,4774
2015-12-11,601899,09:54:09,2,3.41,11,3751
2015-12-11,601899,09:54:03,1,3.4,215,73100
2015-12-11,601899,09:53:58,2,3.41,11,3751
2015-12-11,601899,09:53:53,2,3.41,262,89342
2015-12-11,601899,09:53:48,2,3.41,72,24552
2015-12-11,601899,09:53:43,1,3.4,125,42500
2015-12-11,601899,09:53:38,1,3.4,587,199580
2015-12-11,601899,09:53:33,2,3.41,971,331111
2015-12-11,601899,09:53:28,1,3.4,20,6800
2015-12-11,601899,09:53:23,2,3.41,206,70246
2015-12-11,601899,09:53:18,2,3.41,37,12617
2015-12-11,601899,09:53:13,1,3.4,106,36040
2015-12-11,601899,09:53:08,2,3.41,70,23870
2015-12-11,601899,09:53:03,2,3.41,236,80476
2015-12-11,601899,09:52:58,2,3.41,10,3410
2015-12-11,601899,09:52:53,1,3.4,308,104720
2015-12-11,601899,09:52:48,2,3.41,118,40238
2015-12-11,601899,09:52:43,2,3.41,10,3410
2015-12-11,601899,09:52:38,1,3.4,37,12580
2015-12-11,601899,09:52:33,2,3.41,35,11935
2015-12-11,601899,09:52:28,2,3.41,203,69223
2015-12-11,601899,09:52:23,1,3.4,178,60520
2015-12-11,601899,09:52:13,1,3.4,292,99280
2015-12-11,601899,09:52:03,2,3.41,143,48763
2015-12-11,601899,09:51:58,2,3.41,30,10230
2015-12-11,601899,09:51:48,1,3.4,33,11220
2015-12-11,601899,09:51:43,2,3.41,63,21483
2015-12-11,601899,09:51:38,1,3.4,22,7480
2015-12-11,601899,09:51:33,1,3.4,32,10880
2015-12-11,601899,09:51:28,1,3.4,155,52700
2015-12-11,601899,09:51:23,1,3.4,22,7480
2015-12-11,601899,09:51:18,2,3.41,234,79794
2015-12-11,601899,09:51:13,2,3.41,271,92411
2015-12-11,601899,09:51:08,2,3.41,239,81499
2015-12-11,601899,09:51:03,1,3.4,15,5100
2015-12-11,601899,09:50:58,2,3.41,250,85250
2015-12-11,601899,09:50:53,2,3.41,169,57629
2015-12-11,601899,09:50:48,2,3.41,41,13981
2015-12-11,601899,09:50:43,1,3.4,10,3400
2015-12-11,601899,09:50:38,1,3.4,62,21080
2015-12-11,601899,09:50:33,2,3.41,20,6820
2015-12-11,601899,09:50:28,1,3.4,101,34340
2015-12-11,601899,09:50:23,2,3.41,97,33077
2015-12-11,601899,09:50:18,1,3.4,115,39100
2015-12-11,601899,09:50:13,1,3.4,187,63580
2015-12-11,601899,09:50:08,1,3.4,376,127840
2015-12-11,601899,09:50:03,1,3.4,104,35360
2015-12-11,601899,09:49:58,1,3.4,70,23800
2015-12-11,601899,09:49:53,2,3.41,60,20460
2015-12-11,601899,09:49:48,1,3.4,74,25160
2015-12-11,601899,09:49:43,2,3.41,61,20801
2015-12-11,601899,09:49:38,2,3.41,548,186868
2015-12-11,601899,09:49:33,2,3.41,130,44330
2015-12-11,601899,09:49:28,2,3.41,237,80817
2015-12-11,601899,09:49:23,1,3.4,318,108120
2015-12-11,601899,09:49:18,1,3.4,95,32300
2015-12-11,601899,09:49:13,2,3.41,201,68541
2015-12-11,601899,09:49:07,1,3.4,15,5100
2015-12-11,601899,09:49:02,2,3.41,894,304854
2015-12-11,601899,09:48:57,2,3.41,154,52514
2015-12-11,601899,09:48:52,1,3.4,739,251260
2015-12-11,601899,09:48:47,1,3.4,21,7140
2015-12-11,601899,09:48:37,1,3.4,226,76840
2015-12-11,601899,09:48:32,2,3.41,1,341
2015-12-11,601899,09:48:27,1,3.4,13,4420
2015-12-11,601899,09:48:22,1,3.4,43,14620
2015-12-11,601899,09:48:17,2,3.41,25,8525
2015-12-11,601899,09:48:12,1,3.4,201,68608
2015-12-11,601899,09:48:07,1,3.4,67,22780
2015-12-11,601899,09:48:02,1,3.4,314,106760
2015-12-11,601899,09:47:57,2,3.41,574,195904
2015-12-11,601899,09:47:52,1,3.4,593,201620
2015-12-11,601899,09:47:47,2,3.41,79,26939
2015-12-11,601899,09:47:42,2,3.41,130,44330
2015-12-11,601899,09:47:37,1,3.4,257,87380
2015-12-11,601899,09:47:32,1,3.4,1898,645320
2015-12-11,601899,09:47:27,2,3.41,128,43648
2015-12-11,601899,09:47:22,1,3.4,13,4420
2015-12-11,601899,09:47:17,1,3.4,66,22440
2015-12-11,601899,09:47:12,1,3.4,49,16830
2015-12-11,601899,09:47:07,2,3.4,221,75140
2015-12-11,601899,09:47:02,1,3.39,717,243063
2015-12-11,601899,09:46:57,2,3.4,455,154700
2015-12-11,601899,09:46:52,2,3.4,856,291040
2015-12-11,601899,09:46:47,1,3.39,614,208146
2015-12-11,601899,09:46:42,2,3.4,1703,579020
2015-12-11,601899,09:46:37,1,3.39,1272,431208
2015-12-11,601899,09:46:32,2,3.4,1637,556580
2015-12-11,601899,09:46:27,1,3.39,398,134922
2015-12-11,601899,09:46:22,2,3.4,1722,585480
2015-12-11,601899,09:46:17,2,3.4,66,22440
2015-12-11,601899,09:46:12,2,3.4,1249,424660
2015-12-11,601899,09:46:07,2,3.4,404,137360
2015-12-11,601899,09:46:02,1,3.39,477,161703
2015-12-11,601899,09:45:57,2,3.4,567,192780
2015-12-11,601899,09:45:52,2,3.4,134,45560
2015-12-11,601899,09:45:47,2,3.4,250,85000
2015-12-11,601899,09:45:42,2,3.4,85,28900
2015-12-11,601899,09:45:37,1,3.39,203,68817
2015-12-11,601899,09:45:32,2,3.4,63,21420
2015-12-11,601899,09:45:27,1,3.39,560,189840
2015-12-11,601899,09:45:22,2,3.4,377,128180
2015-12-11,601899,09:45:17,2,3.4,130,44200
2015-12-11,601899,09:45:12,2,3.4,123,41820
2015-12-11,601899,09:45:07,2,3.4,133,45220
2015-12-11,601899,09:45:02,2,3.4,128,43520
2015-12-11,601899,09:44:57,2,3.4,120,40800
2015-12-11,601899,09:44:52,2,3.4,47,15980
2015-12-11,601899,09:44:47,2,3.4,262,89080
2015-12-11,601899,09:44:42,2,3.4,212,72080
2015-12-11,601899,09:44:37,2,3.4,519,176460
2015-12-11,601899,09:44:32,1,3.4,1199,407731
2015-12-11,601899,09:44:27,1,3.4,149,50660
2015-12-11,601899,09:44:22,1,3.4,801,272340
2015-12-11,601899,09:44:17,1,3.4,2912,990080
2015-12-11,601899,09:44:11,1,3.4,346,117640
2015-12-11,601899,09:44:06,1,3.4,302,102680
2015-12-11,601899,09:44:01,1,3.4,238,80920
2015-12-11,601899,09:43:56,2,3.41,1010,344410
2015-12-11,601899,09:43:51,1,3.4,35,11900
2015-12-11,601899,09:43:46,1,3.4,387,131580
2015-12-11,601899,09:43:41,1,3.4,35,11900
2015-12-11,601899,09:43:36,1,3.4,390,132600
2015-12-11,601899,09:43:31,1,3.4,211,71740
2015-12-11,601899,09:43:26,1,3.4,534,181560
2015-12-11,601899,09:43:21,2,3.41,579,197439
2015-12-11,601899,09:43:16,2,3.41,659,224719
2015-12-11,601899,09:43:11,2,3.41,675,230175
2015-12-11,601899,09:43:06,2,3.41,91,31031
2015-12-11,601899,09:43:01,2,3.41,2163,737583
2015-12-11,601899,09:42:56,1,3.4,450,153000
2015-12-11,601899,09:42:51,1,3.4,167,56780
2015-12-11,601899,09:42:46,1,3.4,509,173060
2015-12-11,601899,09:42:41,2,3.41,465,158565
2015-12-11,601899,09:42:36,2,3.41,109,37169
2015-12-11,601899,09:42:31,1,3.4,186,63240
2015-12-11,601899,09:42:26,1,3.4,24,8160
2015-12-11,601899,09:42:21,2,3.41,188,64108
2015-12-11,601899,09:42:16,2,3.41,75,25575
2015-12-11,601899,09:42:11,1,3.4,319,108460
2015-12-11,601899,09:42:06,1,3.4,929,315860
2015-12-11,601899,09:42:01,1,3.4,496,168640
2015-12-11,601899,09:41:56,2,3.41,103,35123
2015-12-11,601899,09:41:51,2,3.41,116,39556
2015-12-11,601899,09:41:46,1,3.4,435,147900
2015-12-11,601899,09:41:41,2,3.41,34,11594
2015-12-11,601899,09:41:36,1,3.4,532,180880
2015-12-11,601899,09:41:31,1,3.4,159,54060
2015-12-11,601899,09:41:26,1,3.4,4331,1472540
2015-12-11,601899,09:41:21,1,3.4,1545,525300
2015-12-11,601899,09:41:16,1,3.4,129,43860
2015-12-11,601899,09:41:11,2,3.41,174,59334
2015-12-11,601899,09:41:06,2,3.41,129,43989
2015-12-11,601899,09:41:01,2,3.41,401,136741
2015-12-11,601899,09:40:51,2,3.41,186,63426
2015-12-11,601899,09:40:46,2,3.41,63,21483
2015-12-11,601899,09:40:41,2,3.41,95,32395
2015-12-11,601899,09:40:36,2,3.41,11,3751
2015-12-11,601899,09:40:31,1,3.4,152,51680
2015-12-11,601899,09:40:26,2,3.41,237,80817
2015-12-11,601899,09:40:16,1,3.4,1348,458320
2015-12-11,601899,09:40:11,2,3.41,666,227106
2015-12-11,601899,09:40:01,2,3.41,201,68541
2015-12-11,601899,09:39:51,1,3.4,63,21420
2015-12-11,601899,09:39:46,2,3.41,46,15686
2015-12-11,601899,09:39:41,2,3.41,923,314743
2015-12-11,601899,09:39:36,2,3.41,420,143220
2015-12-11,601899,09:39:26,1,3.4,508,172720
2015-12-11,601899,09:39:21,2,3.41,491,167700
2015-12-11,601899,09:39:16,2,3.41,462,157542
2015-12-11,601899,09:39:10,1,3.4,150,51000
2015-12-11,601899,09:39:05,1,3.4,1972,670480
2015-12-11,601899,09:38:55,1,3.4,185,62900
2015-12-11,601899,09:38:50,2,3.41,15,5115
2015-12-11,601899,09:38:45,1,3.4,197,66980
2015-12-11,601899,09:38:40,2,3.41,224,76384
2015-12-11,601899,09:38:35,1,3.4,305,103700
2015-12-11,601899,09:38:30,1,3.4,154,52360
2015-12-11,601899,09:38:25,1,3.4,161,54740
2015-12-11,601899,09:38:20,2,3.41,113,38533
2015-12-11,601899,09:38:15,1,3.4,64,21760
2015-12-11,601899,09:38:10,2,3.41,95,32395
2015-12-11,601899,09:38:05,2,3.41,123,41943
2015-12-11,601899,09:38:00,1,3.4,75,25500
2015-12-11,601899,09:37:55,2,3.41,51,17391
2015-12-11,601899,09:37:50,2,3.41,1141,389081
2015-12-11,601899,09:37:45,2,3.41,46,15686
2015-12-11,601899,09:37:40,1,3.41,12045,4107345
2015-12-11,601899,09:37:35,1,3.41,388,132308
2015-12-11,601899,09:37:30,2,3.42,133,45486
2015-12-11,601899,09:37:25,1,3.41,471,160611
2015-12-11,601899,09:37:20,1,3.41,304,103664
2015-12-11,601899,09:37:15,2,3.42,39,13338
2015-12-11,601899,09:37:10,1,3.41,320,109120
2015-12-11,601899,09:37:05,1,3.41,65,22165
2015-12-11,601899,09:37:00,1,3.41,601,204941
2015-12-11,601899,09:36:55,1,3.41,224,76384
2015-12-11,601899,09:36:50,2,3.42,220,75240
2015-12-11,601899,09:36:45,1,3.41,39,13299
2015-12-11,601899,09:36:40,1,3.41,564,192324
2015-12-11,601899,09:36:35,1,3.41,48,16368
2015-12-11,601899,09:36:30,1,3.41,445,151745
2015-12-11,601899,09:36:25,2,3.42,15,5130
2015-12-11,601899,09:36:20,2,3.42,75,25650
2015-12-11,601899,09:36:15,1,3.42,152,51984
2015-12-11,601899,09:36:10,1,3.41,73,24893
2015-12-11,601899,09:36:05,2,3.43,30,10290
2015-12-11,601899,09:36:00,1,3.42,1053,360126
2015-12-11,601899,09:35:55,1,3.42,254,86868
2015-12-11,601899,09:35:50,2,3.43,465,159495
2015-12-11,601899,09:35:45,2,3.43,121,41503
2015-12-11,601899,09:35:40,1,3.42,1,342
2015-12-11,601899,09:35:35,2,3.43,61,20923
2015-12-11,601899,09:35:30,1,3.42,215,73530
2015-12-11,601899,09:35:25,1,3.42,319,109098
2015-12-11,601899,09:35:20,1,3.42,89,30438
2015-12-11,601899,09:35:15,2,3.43,48,16464
2015-12-11,601899,09:35:10,2,3.43,334,114562
2015-12-11,601899,09:35:05,1,3.42,26,8892
2015-12-11,601899,09:35:00,2,3.43,121,41503
2015-12-11,601899,09:34:55,1,3.42,10,3420
2015-12-11,601899,09:34:50,2,3.43,49,16807
2015-12-11,601899,09:34:45,2,3.43,216,74259
2015-12-11,601899,09:34:40,2,3.43,57,19551
2015-12-11,601899,09:34:35,2,3.43,81,27783
2015-12-11,601899,09:34:30,1,3.42,354,121068
2015-12-11,601899,09:34:25,2,3.43,234,80262
2015-12-11,601899,09:34:20,2,3.43,48,16464
2015-12-11,601899,09:34:14,1,3.42,79,27018
2015-12-11,601899,09:34:09,2,3.43,64,21952
2015-12-11,601899,09:34:04,1,3.42,67,22914
2015-12-11,601899,09:33:59,1,3.42,41,14022
2015-12-11,601899,09:33:54,1,3.42,116,39672
2015-12-11,601899,09:33:49,2,3.43,9,3087
2015-12-11,601899,09:33:44,1,3.42,137,46854
2015-12-11,601899,09:33:39,1,3.42,31,10602
2015-12-11,601899,09:33:34,1,3.42,263,89946
2015-12-11,601899,09:33:29,1,3.42,11,3762
2015-12-11,601899,09:33:24,1,3.42,110,37620
2015-12-11,601899,09:33:19,1,3.42,12,4104
2015-12-11,601899,09:33:14,2,3.43,156,53508
2015-12-11,601899,09:33:09,2,3.43,883,302869
2015-12-11,601899,09:33:04,1,3.42,52,17784
2015-12-11,601899,09:32:59,1,3.42,78,26676
2015-12-11,601899,09:32:54,1,3.42,39,13338
2015-12-11,601899,09:32:49,2,3.43,330,113190
2015-12-11,601899,09:32:44,1,3.42,228,77976
2015-12-11,601899,09:32:39,2,3.42,367,125685
2015-12-11,601899,09:32:34,2,3.42,58,19836
2015-12-11,601899,09:32:29,2,3.42,116,39672
2015-12-11,601899,09:32:24,2,3.42,39,13338
2015-12-11,601899,09:32:19,2,3.42,3,1026
2015-12-11,601899,09:32:14,1,3.42,467,159885
2015-12-11,601899,09:32:09,2,3.43,65,22295
2015-12-11,601899,09:32:04,1,3.42,26,8892
2015-12-11,601899,09:31:59,1,3.42,546,186903
2015-12-11,601899,09:31:54,1,3.42,105,35910
2015-12-11,601899,09:31:49,2,3.43,88,30184
2015-12-11,601899,09:31:44,1,3.42,5,1710
2015-12-11,601899,09:31:39,1,3.42,160,54720
2015-12-11,601899,09:31:34,2,3.43,114,39102
2015-12-11,601899,09:31:29,2,3.43,232,79576
2015-12-11,601899,09:31:24,2,3.42,73,24966
2015-12-11,601899,09:31:19,2,3.43,1505,516215
2015-12-11,601899,09:31:14,2,3.43,74,25382
2015-12-11,601899,09:31:09,2,3.43,324,111132
2015-12-11,601899,09:31:04,2,3.43,376,128968
2015-12-11,601899,09:30:59,1,3.42,130,44460
2015-12-11,601899,09:30:54,1,3.42,372,127224
2015-12-11,601899,09:30:44,1,3.42,4,1368
2015-12-11,601899,09:30:39,1,3.42,314,107388
2015-12-11,601899,09:30:34,2,3.42,55,18810
2015-12-11,601899,09:30:29,2,3.42,505,172710
2015-12-11,601899,09:30:24,2,3.42,227,77634
2015-12-11,601899,09:30:19,1,3.41,11,3751
2015-12-11,601899,09:30:14,1,3.41,70,23870
2015-12-11,601899,09:30:09,2,3.42,707,241794
2015-12-11,601899,09:30:04,2,3.41,2164,737924
2015-12-11,601899,09:25:08,2,3.41,4630,1578830
